-12.86412578	-85.70462043
-3.828339586	-88.3113423
5.823968468	-89.0966376
-40.91090362	-77.08852098
-53.0624117	-73.813035
-63.24142419	-82.40160644
-67.16796336	-89.4539088
-66.94869014	-84.7315658
-88.95990378	-86.62588128
-106.4820948	89.09195361
-116.8737394	-86.65462091
-127.0684912	89.47594907
-139.8867604	-88.72918113
-153.4737099	-87.46044808
-164.9242598	-89.78374996
176.8719995	-89.62347239
-177.4346319	-87.87292426
-169.5248555	-86.56159334
172.3665602	-88.94197002
-179.2624989	-86.46430736
-168.9258065	-83.22471731
-164.9891798	-80.41006297
-175.4691091	-78.85568377
171.9420285	-80.96371517
-179.583531	-81.11299008
170.9761932	-84.72273245
155.9624542	-86.48607768
175.2395984	-86.22703844
-173.9930895	-86.25007829
179.7162235	-86.03138884
170.6170939	-86.92595433
172.6483997	-89.67556179
-178.4619763	-85.40127749
171.9483311	-84.7003797
144.8551286	-88.7073806
131.6747931	89.57582507
124.6252328	89.66217563
144.6261223	-89.56575629
122.6989223	-89.79286131
154.2630585	-88.46086156
123.8971993	-87.53581622
119.1433149	-88.63254766
120.0714311	89.6534175
112.1964814	88.81772891
146.8275415	-89.28414388
153.9884376	89.47110575
151.6032444	89.49903201
115.5188937	-87.07083896
148.9824355	-88.26889078
179.2514067	-87.56079663
-163.9608509	89.25406661
-140.3045198	87.16169699
-127.3201204	88.42047922
-103.8702758	-79.79165556
-87.14564702	-83.1824865
172.9647764	-84.81557248
165.5091607	-89.11979502
-171.9264519	-85.09559923
-159.5519435	-86.01116676
-146.8483681	-88.7335063
-123.1038892	-89.52505984
-173.5168158	-87.03273089
175.7431078	89.6418938
160.7852566	-87.79195421
116.4566227	-77.82559813
94.80167121	-80.32033723
117.3495712	-81.43756341
176.2100048	-84.22383171
178.3979499	-86.14935817
-170.503729	-86.12067786
-160.7095619	-86.03092225
-143.7821775	-83.46630324
-120.6458094	-87.68364443
-122.6961841	-87.18152264
-101.51461	-88.5708085
-40.94199202	87.64000056
-3.546391884	-86.53068937
-14.20396967	-88.53460477
-91.99843595	-85.84599793
-79.58697439	-88.86673176
-172.1386027	-10.77998019
146.4659117	-12.15752171
-133.8925967	-8.005784383
145.6820125	-39.56493497
167.4342033	-46.68003933
157.4856933	-50.84597445
178.5850829	-80.60893519
179.2067598	-83.13108215
-165.539863	-81.90437818
175.162142	-80.95728723
173.0117831	-85.05964975
164.8948013	-87.72522514
143.4438157	-88.34336721
139.0681702	-88.56723043
124.7131253	-87.14906428
121.8369748	-89.55208849
-146.8183705	-82.59604221
-147.0859603	-87.24459022
-166.2169588	-81.87935019
-171.7170024	-84.57392253
-164.3832574	85.21505809
-152.8649909	80.69761275
-174.9485048	-85.45257751
-169.0434692	-81.75220805
-164.3642289	-74.90683762
-153.3556586	-76.82819462
-172.5934157	-85.63578838
-161.4989464	-87.05552986
-139.4173504	-84.88107076
-128.1483322	-85.28227589
-111.5303209	-81.27088692
-103.3755441	-87.18192451
-102.6280338	-82.19428
18.558925	76.95883831
5.998301229	86.12837932
3.380955436	-88.20118797
-21.56025145	-86.35001951
-37.97493075	-77.99098144
-51.97189299	-78.34708507
-55.33938927	-83.08547303
-56.49640093	87.88771823
-18.84426665	-88.08912853
-7.902762217	-86.65525597
-7.166769799	89.49427101
-12.01866096	81.21548738
-20.60864951	87.78307279
-22.96439611	-80.44169273
-31.75507512	-74.54888928
-47.20103749	-83.83068619
-51.31338675	87.82799021
-77.83046462	-86.70672008
-96.4360075	-86.58038528
-103.5426713	-71.56090363
-119.349798	-72.6371021
-86.29273834	-87.99332093
-84.65646553	-87.47878529
-122.8787083	-87.53137123
-136.1474018	-87.26228363
-152.2559007	-86.53392333
-169.4500367	-86.0526709
-177.3181997	-87.02081293
-174.930626	-81.20674495
178.8862175	-83.92572361
177.51353	-87.12390001
179.8615408	-80.44906185
-165.4452608	89.38016968
-167.0634066	-84.12216523
-168.3453102	-81.20251263
-172.1358143	84.09633418
-163.7952207	80.20139517
-147.1005806	66.21903515
-130.1580789	53.62435745
-114.6133737	46.24953752
-90.76073329	44.01121056
-70.32333687	54.31685616
-66.5001892	77.38050681
-70.12971414	-88.79874134
-59.53213197	-81.58828357
-41.53172655	-86.22817607
-42.56909821	88.84186974
-4.658006052	-87.30556694
17.44672136	-85.41139124
44.96153169	-83.7226739
67.54744078	-79.63263796
77.73410222	-84.52112542
100.4229994	-85.07682859
173.9090555	-82.32094626
-164.2690371	-85.67434487
-164.9744554	89.16617316
-161.8268329	-74.67031714
-143.450399	-83.90324638
-129.5022773	-84.67003776
-120.51765	-84.40438617
-111.2632885	-89.42201343
-109.9478932	88.88315022
-83.27322255	89.03603681
-69.50866429	89.31004035
-43.83873914	86.39285988
-114.825034	-81.62579941
-125.2253309	-88.44572852
-170.7137012	-80.8281774
173.6944411	-80.30418124
149.6857057	-80.12386684
131.3192205	-84.03999764
105.0521913	-83.75349209
82.10049695	-76.28841033
68.37130338	-81.58268347
31.93087215	-79.70223808
57.1576995	86.28076863
58.67657914	79.64754648
51.00871481	-77.08669502
56.64403528	-72.42089738
112.7493491	-85.02821392
126.8516776	-88.81889143
146.5537855	-89.12283753
161.7435583	-89.88526722
-171.3267043	-88.67785661
-162.4398897	-85.10268501
-148.2360703	-84.29154643
-124.1595948	-83.55545341
-104.4113829	-87.95608404
-135.548825	82.42854656
-145.3073837	75.18686078
-152.6363967	67.64992831
-0.663513227	-84.0263832
12.14852704	76.68597607
-3.681415003	-88.1405883
-0.105192444	-86.67508832
-9.474864017	-84.15831784
14.5052241	-80.57469079
9.205417096	-63.79496917
-7.077764925	-85.0920697
-8.076772268	85.14317656
-4.655334914	77.06282719
7.415332803	79.57260409
-12.74721047	-85.93682696
-5.274345012	-83.39211586
24.14180379	-76.26006433
28.69168798	-74.511188
29.64519147	81.16499578
70.82654284	85.56426749
85.45302461	89.25146165
94.79151367	-81.2762089
99.08680175	-71.61156616
135.2993095	-79.12988111
119.0687394	-36.84873167
110.4562563	-33.28580924
168.806597	-84.52385244
169.9601395	86.61981897
135.678288	88.98273082
178.3756873	-89.85219476
175.1388826	-86.31033702
-170.8872863	-84.89420988
-135.8213685	-86.82073883
-112.6185138	-76.49249722
169.8305582	-29.69526191
161.9508353	-10.0175249
-105.7109509	-5.730526237
-78.00899643	-11.68480214
163.995417	-28.79147651
-162.3053576	-78.79373603
-156.3113911	86.85782851
-153.5005888	63.52444645
-164.2804034	50.24439017
-158.0850018	41.09588981
-105.0684545	33.59112552
-109.4184399	26.68888695
-116.8243615	23.33047489
-177.7550511	36.55276654
156.6445481	46.38044272
138.6240702	24.72581152
177.0328185	54.50435709
179.0894153	79.02799114
-164.120681	88.88188238
-165.1899017	-83.76771378
-154.8438206	-77.26385597
-136.4464763	-77.95932972
-134.5483751	-84.34119461
-138.4788658	-87.91457658
-167.3079347	-84.22123524
-175.869413	-82.97305639
-168.0344744	-84.38124606
-136.5728089	-87.65673736
161.628356	67.87493984
173.6826105	78.0164934
178.6845048	84.46301032
-167.8987331	89.04873997
-167.8317173	-87.66125537
-141.3673504	-77.80979363
-119.3142679	-87.30702967
-105.1250381	89.10956693
-112.6986544	83.66874908
-107.9902421	70.1610698
-103.0199155	64.26693816
-102.3186687	54.07701143
-149.1757934	41.75953894
158.1927183	75.38817329
152.5896154	-85.41098868
146.9402167	87.75534094
177.2600564	-83.51032708
143.2723373	87.90164644
150.3595041	82.99852194
169.9329158	87.43264445
177.9542018	84.2917243
173.3141385	-83.74384424
-179.6427339	-80.78372664
161.666134	-86.7364638
154.3516621	85.99523983
160.6683975	75.90964124
172.7653407	65.28764311
-166.9204231	55.16692292
-133.7725774	24.41170775
-115.3521804	31.74968991
-77.85547053	9.115221683
-68.1374434	11.64913198
-55.65462604	80.5942097
-50.37236642	-87.16261883
-46.49811694	-84.41481561
-9.606413087	-84.66171552
10.82902965	-79.71391601
14.22906393	-83.14207156
25.36444898	-81.44284605
43.06712985	-82.15023155
55.39235332	-81.42002888
84.14248439	-82.90990251
93.48735483	-87.04928711
109.5784847	-87.47038922
123.0497342	-86.53096306
135.0559514	-86.16766471
147.022698	-84.5817609
4.012627401	-87.00974654
-2.277714735	-87.08442808
5.85247179	-87.6465404
-159.362947	-86.90868071
-156.679599	-89.18559906
-120.3252315	-83.51099148
-101.6985959	-87.21124903
-113.7141441	-87.71900145
-127.7116229	-84.46719382
-113.4500544	-88.82629701
-59.2448846	-80.82290755
-48.04746529	-89.15387317
-50.25193842	88.42431964
165.9362452	-85.13832202
-176.8973758	-85.97350854
139.9325852	87.31195621
158.4310064	89.32349009
171.7303064	-87.51604269
-178.3907798	87.27120266
170.983052	81.95920761
170.8572316	84.06952329
166.6591319	81.37602552
19.46368116	-10.36510591
73.78873815	-4.83882295
9.392920959	-7.942906131
-163.6974243	-18.45030998
-176.2586396	-25.5795711
-174.342398	-27.56330171
167.9348917	-86.37612981
169.8693035	-83.1970481
130.3652906	-87.75632833
124.7452175	-89.97462774
148.4062599	-89.86236351
160.6498972	84.08257901
-170.360862	-89.69852779
-165.6590987	85.20212747
-166.3051535	-86.86222177
-139.9720849	-84.95313693
-131.2572382	-82.39053454
-94.06563623	-76.76627193
-36.37366854	-85.44256512
7.921494255	-84.26775558
9.728731188	-85.77444988
-3.631532925	-86.46385541
6.927171273	87.68752269
4.606606723	79.21536086
4.153242434	86.27239924
-2.864017118	88.55037778
-9.052755608	-88.33889084
-21.70343538	-87.5419489
-37.51810469	-80.86960981
-51.18133122	-80.3374299
-62.46330543	-84.55619334
-66.80578204	86.25401814
-61.06590498	86.64074862
-47.70749455	82.05508174
-19.12517913	76.34009826
-6.362565549	83.98319563
-3.610178289	89.7497704
4.13462578	-86.824776
20.14203726	-82.74192998
32.88932404	-78.4644556
37.57991333	-82.42148195
40.62220476	-77.22134956
50.95459736	-76.00233475
59.49881717	-81.45377488
73.10582746	-84.03006
82.73524626	-85.96855567
90.70561213	-89.1920473
102.1374812	75.40013838
114.7096873	-86.11289231
149.7409538	-87.71841864
161.2420061	-87.99706903
174.702372	-88.60192869
141.9572418	-89.46619945
128.3990242	-88.72352703
117.6896389	89.48852076
109.7539588	87.85339327
99.14362697	88.30904509
93.89041274	89.90553863
98.80995076	79.98901235
110.8061749	77.47448058
132.1852071	83.46730566
134.2247958	86.42967069
146.4834219	85.65689391
128.8869326	-89.33529605
171.480919	-89.24821068
-170.6672164	-87.10669965
-157.8876985	-86.88581047
176.2124598	-85.03857499
169.8391345	-85.19532027
151.1251957	-84.80682076
139.7868355	-87.74196957
126.4641708	-89.49613055
119.0823746	89.08151995
113.6369695	88.04986042
95.34196419	88.51593089
62.82286406	-88.99568706
52.10703394	-86.4129811
42.20259445	-86.5767346
27.355671	-85.32750311
10.27669857	-86.23969024
-5.956953055	-86.39668565
-13.29168493	-89.33951083
-29.78256783	-86.60011651
-47.83973155	-88.41424797
-57.59561484	-88.23617299
-80.27131424	89.55989775
-92.147983	89.82537246
-51.97926679	55.61804663
-35.80084684	56.20776758
-22.74013587	59.76552621
-16.96296846	60.92941467
18.97566696	48.00509301
25.79847456	67.61815134
26.36091802	79.55576094
36.10509372	83.55429905
48.29873365	85.35084645
56.91110426	87.35778931
169.434419	87.33449161
175.9664398	89.99778043
-171.178249	-81.51226896
-173.9712931	79.21406579
174.1719718	-77.95413811
-166.6004916	-82.93351359
-166.7951148	-87.49328667
173.537296	-89.39484624
-169.9349952	-83.14460826
-169.9387596	-88.74466147
174.2316645	-88.95501333
177.211943	-76.39452363
-179.7951646	87.80243548
-175.6283385	-80.84285438
172.038977	-78.8044132
-178.8822725	-82.68499884
164.4548672	79.57691773
137.2470769	-85.23158539
119.3948824	89.89858484
101.3287384	-88.22690719
91.06304181	-77.08837361
77.53170034	87.75374991
72.10748605	80.82362939
74.13226734	-71.85673067
52.36523677	-84.45280078
40.94464273	87.6419603
30.37310201	80.46684714
57.40181104	76.21455369
64.26024589	75.42277883
90.88968513	84.53533761
105.1275576	89.74851923
125.4602482	-88.1212797
152.3582906	-88.75660304
-178.6226548	-85.21816469
-173.6207077	89.0057783
-148.7060082	-83.01423521
-133.3666811	-83.16459254
-116.0300266	-86.4338986
-94.97694698	-83.91691267
-70.28131602	-73.14355057
-64.57442786	-80.07728868
-62.16372793	-87.09149877
-41.1801248	-88.70640933
-20.95976432	-89.59878102
-11.53174016	89.37414134
-178.6234957	-86.4455548
-163.7574848	-88.7111942
-173.4059058	88.33580972
-166.1658068	89.5044706
174.04727	-88.6576554
-170.2058293	89.43256759
-156.070035	89.98264321
-133.8303514	-89.90437401
-126.9258146	89.02163396
-135.9966869	-88.12792332
-127.9310276	-88.69481598
-139.3315933	-86.57443337
-129.9959793	-86.82741733
-127.0412528	89.21654872
-165.8824422	-85.05769729
175.8717646	-84.55965365
159.5514159	-84.7709096
145.7467384	-84.45117826
133.8239243	89.20447385
122.274561	80.53266714
110.6958587	84.52297466
115.4959553	84.04477886
87.92709181	-87.22948495
80.0220453	-87.44755303
67.90051377	-88.8177476
62.06201395	89.03525571
55.88667158	88.29734111
50.75026501	86.96887153
41.15229754	87.20829054
17.57403408	85.69205562
10.12547086	88.01560715
-4.53577324	-89.20448255
-13.75039509	-87.78284504
-27.64520115	-88.11843915
-19.98688303	-88.30106292
-22.38955979	83.83948965
-6.221083923	-74.27313798
-21.339691	-63.64194758
12.78318068	-62.87471705
19.07246205	-66.86112685
9.248780195	-79.90522556
3.120533717	-85.89179165
-9.610084564	-88.39499257
-34.81112542	-87.56122031
-45.5877125	-87.26918381
-34.66745589	-88.80486433
-56.3722709	-86.36904149
-74.11940356	-87.29934637
-82.68725158	89.76055726
-91.94691609	-86.05814642
-99.03273338	87.1805839
-111.7819944	89.28405941
-119.8086409	-89.38687728
-130.1569514	-87.63647636
-138.046335	-88.6142586
-121.5452418	-72.54856499
-113.4821768	-73.44608815
-92.02206305	-36.9026425
-92.48028369	-30.06155198
-96.31366337	-25.19561073
-1.96285239	-84.09420635
-5.968642692	-88.38049324
-3.228697453	85.89593377
-31.57539506	83.39515401
-45.86763544	-82.00528679
-27.82572882	-88.03273817
-27.99048546	87.90501818
-59.63768246	88.13557458
-60.29683617	85.8533732
-55.56860729	-85.55066108
-60.0209394	88.73578741
-58.32010553	-85.41603832
-92.13756254	-85.18767128
-97.66945938	-86.09137482
-87.81282965	-73.03527885
-60.90660879	-75.96887336
-46.73433816	-82.35070135
-52.46209066	-88.42698685
-49.16384422	-84.4484983
-50.35624962	89.01481711
-54.21111496	-81.36190727
-73.44452374	-69.28068551
-72.82146546	-79.1773109
-46.43489878	88.97860156
-8.167895857	-84.73517168
-2.707782282	-81.90699969
-20.81955472	-65.45185546
-17.89404106	-70.71969406
-7.729495715	-87.39054369
-42.72009566	89.53506479
-94.81635257	-89.81100622
-69.07120071	-87.35905589
-70.64434328	-82.75211989
-110.3037357	-85.94185097
-63.87562024	-87.69937303
-99.96850247	-82.12493679
-107.8646168	-87.4870529
-94.89670257	-86.20286256
-60.53059835	-86.6476013
-127.4455614	-87.19466279
-141.5647033	-87.3048589
-155.0551967	-85.66042963
-166.6987157	-86.29694971
-178.2173535	-84.88158723
178.1435767	-86.76269679
-164.8549738	85.56205646
170.1036209	-89.69401134
153.3933924	-83.95583319
141.3104254	-88.45459326
122.800555	88.75498472
120.3303519	87.47989488
123.912891	-89.39145597
148.6942613	-87.99899881
113.0434836	88.428737
115.5917349	88.38842853
150.7390806	-88.44512083
153.7325681	-88.35439337
178.7913689	87.84390753
-173.5819014	79.29975618
-160.0164096	75.31876589
-149.9358009	68.86260945
-140.5906121	-60.06794256
-134.8837231	-43.69808392
-100.491866	-33.76952932
-93.06134853	-33.00714166
168.2495549	75.663286
-178.4265055	83.62611177
-164.9821982	-89.44151315
178.1966774	82.99260844
-170.6716778	73.7283634
-154.9238773	-87.82983566
-139.83489	-67.45935751
-148.5062952	-61.09692381
-142.5180264	-41.57549201
-107.7379654	-30.86951207
-95.43915828	-23.64349477
-161.2718561	-16.88700696
-138.7793909	-5.456389278
-95.05180959	-12.86782624
-111.6998874	-35.19426096
-156.6516478	31.94403992
-160.901259	17.94263152
164.9728252	12.68810224
161.6342095	15.11348602
-83.98542985	-89.2375946
-71.42730333	-81.93065316
-36.63978248	86.6677224
-75.48514626	-87.96363286
-34.40047373	84.79299496
-164.4463701	-85.77839937
170.6099384	-86.58093233
-176.1417373	-83.77715798
142.325728	89.94076494
116.1311768	87.22135164
81.65526083	85.20420317
56.70566595	89.21674554
48.78346009	88.31297887
12.14508904	88.49631
-9.071159846	85.64316044
-24.42434274	89.40541396
-10.16282319	-87.32870269
7.458014411	86.90180848
20.24385494	81.39327243
109.6810745	-78.63452365
115.2958764	-87.21365408
121.7136586	-85.22489683
119.4455222	84.19108296
140.1132445	85.26047918
103.4213772	-88.43197282
143.0946652	-83.14808052
160.1175334	-83.5908621
-172.4220497	-87.89477774
-158.1223802	85.12438396
-147.2931027	77.4388535
-140.9802421	-85.14932861
-135.1440035	-84.63824898
179.4075787	-88.66766451
-168.1021033	-87.70940165
-165.5895412	87.40959975
-165.7878133	-88.33406644
-134.33004	-84.27614582
-124.1067277	-85.6157822
-105.2829464	-87.43461613
-100.0234029	89.15205957
-108.3030325	89.91509829
-96.97381265	-88.57819495
-54.58032946	89.00587208
-22.61106093	-88.91395516
-14.66939474	87.99631031
-7.696415895	-89.92403382
1.196091037	88.92193384
7.36011673	86.44312194
-11.17716838	88.50294707
-17.20363589	89.65569423
-54.31999261	89.29207015
-52.48644903	86.80430382
-94.31654627	89.98955058
-114.8750406	88.50913001
-130.7294722	86.60027134
-149.8437159	84.26946925
-161.4812297	82.84148592
-177.0057104	88.08609422
167.1904553	-88.15765431
144.2866632	-89.60922457
131.0801747	88.58792911
112.3178097	81.83077717
110.2247669	71.98675393
99.1775143	66.75081407
75.08374442	72.45322863
65.53945966	73.48014831
68.03165924	-84.69063009
57.60533576	89.30934229
46.13553796	87.60676521
19.11547355	-83.69784037
7.268285283	-80.10549773
-6.397119975	-85.10017603
-11.86169252	-89.12242793
-26.94515258	88.46555906
-22.60490356	83.781119
-17.67668889	85.58608303
3.39756748	-87.08673788
24.08484789	-78.60680087
41.28344814	-70.33505334
62.30496021	-69.79098577
58.95562128	-75.51452204
105.7132475	-82.59052075
110.4521134	88.94910937
119.2092046	-89.20306519
122.094878	-89.07886355
144.6276473	-87.94268273
157.1515157	-85.46519685
169.711226	-85.90511924
-167.1836849	-87.71815386
-162.917328	-88.99205305
-149.5100767	86.52309019
-153.982572	80.34558138
-150.023008	76.87333168
-133.4357015	76.3346659
-144.9520914	78.58689997
-137.6402699	88.1815285
-134.315659	-86.92492051
-110.3389944	-79.34113807
-99.3695045	-81.58206343
-0.472798464	-85.54194608
17.82624333	-86.0179019
0.164197619	-89.39880681
0.689961249	76.2248696
11.44891783	70.2941884
-3.333582091	57.93906599
38.42520594	89.51831598
29.23538844	-88.01134083
43.88336464	89.773715
45.2829392	87.53622965
41.94080006	76.08439771
56.77083081	78.23383204
11.64954155	-87.61697299
22.27415591	78.32502242
1.482268092	-84.33109013
22.33835485	-84.47295447
-12.88220919	-86.85141347
4.415541006	-83.68694523
-39.76215049	-79.67406365
-50.04740373	-87.92713206
3.505902149	-81.36149834
-7.953741817	-88.76590042
6.565676163	-84.54086757
10.08710994	-89.09707579
-5.384779402	84.35189488
11.03607035	-89.60907987
-33.17060532	-88.71376785
-24.99603336	-86.67248947
-26.96792625	-88.10042617
-6.022302189	88.52786513
-50.38508632	-86.4811964
-14.96157294	-86.01792972
-9.545667331	88.34138699
-32.31866298	80.64419018
-21.96747036	77.29369695
-3.206978969	69.1292526
11.06187877	-88.52121475
11.21495939	85.97654139
-7.968318257	-89.37505362
27.40296209	89.65369446
8.939057871	-88.8374912
28.98982388	-88.18400688
30.94908817	-84.2275323
36.75677132	-81.05438933
34.74992599	-83.32272332
-173.5723937	-84.60451978
-165.9636833	86.24201701
-175.5001013	77.70340354
177.0853678	85.97890646
168.7754334	-89.77310231
154.9632938	80.77320907
133.3957316	82.33041036
39.09643819	-87.36393102
15.47191019	-88.91709023
52.64332972	89.69877101
138.1803578	89.54984278
172.6302277	-89.65399254
-153.9007879	89.84456082
-116.7683621	89.38796078
-85.74935801	89.04819925
-59.53884143	89.15919611
-51.76411907	86.24830258
-19.62323323	-89.93525221
-9.420813151	-89.6593023
-2.838369729	-80.45272268
-53.92718221	-82.40225389
-89.29677094	-80.42932049
-110.8048996	-83.13678296
-115.7919278	-85.56839803
-140.4286547	-82.51652393
-160.3635541	-84.46416869
-176.2631433	-85.10328889
176.9951457	-88.07472683
167.0835431	-87.01237115
173.9540632	78.15637321
172.9462274	67.35503173
162.800739	65.88406104
170.9384348	73.0515375
177.749744	86.6431867
-178.9673263	81.62884108
-174.3083995	-87.06797504
-164.7094456	-87.53343399
-155.1545996	-88.31941895
-140.8022899	-87.28885199
-131.7325337	89.67871243
-128.7379121	79.53552386
-136.0491761	72.42252501
-146.0902743	68.28929756
173.2829118	86.57514386
-178.7262284	81.6332757
174.6066018	79.92388433
-174.1671123	79.12083507
175.2483817	-86.44559297
166.3983059	-80.06821564
150.7086975	-83.13368517
140.9163897	-86.63437753
121.6456631	-87.73482442
108.3586011	88.90493365
118.5645186	-88.81989758
142.3242757	86.61158573
152.121099	86.59388106
145.0774304	-88.80023081
174.0001326	-88.43625419
-170.5865507	-88.50755847
-150.1242548	-83.18358892
-142.4327943	-78.88326394
-132.7059975	-68.04436219
-106.1133989	-42.90799071
-70.00226735	-6.127124548
-125.1444026	-1.36035317
134.9015465	-4.98062647
-38.04781325	74.46720412
-20.8776098	83.24040643
-5.067832895	88.43407268
1.772904629	87.34596371
-5.006612469	63.12123447
-6.804006606	52.37817017
6.952017821	35.8799554
-12.88938092	27.40952886
-60.38351275	89.78229191
-62.31274387	88.6819693
-96.14632562	89.507571
-105.4744179	-87.00702427
-119.7372542	-86.04826344
-135.7812184	-85.23897672
-147.4549715	-87.36878594
-159.0440689	87.75652423
-171.9736123	89.55032828
175.4747711	89.17836991
167.8899865	-88.75539719
157.8524601	-87.16113727
147.807932	-87.24024055
139.5698746	-87.20249468
173.8211558	-89.5822467
-178.5086216	-85.42326127
170.3016308	-87.668055
169.7888172	86.54183269
177.9365254	83.15287982
-172.0724602	81.46151072
-174.9951499	76.17304395
-175.3540687	65.25210253
173.9304262	61.76294134
-178.6019352	87.51618497
-176.815205	-86.1476616
176.3048518	-84.51793737
-175.9173936	-87.85041626
-176.3406294	84.82862441
-177.0619396	80.25904639
172.5419474	83.41258263
172.8422841	-88.1197203
164.3367027	-87.29117869
160.9153442	-88.60404382
177.9745165	-88.84836344
-126.7211435	-85.41596713
-113.6680343	-85.72587115
-91.75067427	-84.93093501
-80.81288049	-88.00929698
-66.12499724	-84.61689002
-45.5187263	-86.38460912
-22.23150676	-85.17686143
-5.533140177	-87.10025342
11.45882102	-84.86785266
21.6599001	-85.57628834
39.01968081	-86.59866166
54.10281822	-83.62763549
64.54309404	-78.73689246
79.25038961	-77.06039542
105.8548517	-84.47561552
111.3903878	-86.49686769
107.8936701	-89.26356435
106.4547131	85.89381485
125.9844067	87.93420029
137.0526168	-89.6990503
161.391815	-85.96570417
169.7581481	-81.2784503
-178.2181835	-82.91665395
-176.2669445	-81.34553719
-179.2680827	-82.85088249
-175.3155005	-76.37620197
-163.1650613	-79.07539348
-164.4856641	-84.78979602
-156.3489636	-85.44027781
164.1164122	-84.89900264
146.5502885	-81.30686715
161.0919993	-83.7994271
173.3676855	-86.27761455
177.5078333	-87.21342578
-161.895551	-85.98634279
-142.2143623	-83.11767584
-125.3378285	-84.3680834
-111.047662	-85.54089285
-104.9127898	-89.22553965
-131.9465449	-80.05812883
-145.4454657	-73.17977266
-144.2660442	-79.52092713
-145.4298109	-80.15409069
-146.9277536	-79.29752977
-93.6305082	-84.16409285
-74.86161919	-84.80321103
-52.08828687	-83.20775408
-40.55663316	-87.26387219
-36.70388889	89.83689089
-69.00560047	78.43127231
-97.32763011	88.43620076
-67.07914805	89.5356036
-28.37183355	89.14786654
-18.99809728	89.72502326
-12.77170893	88.60572191
-24.2767173	87.97720308
-60.01474893	-87.98453585
-85.53840121	-86.42207633
-93.71806755	-88.75529728
-109.058775	-88.88884866
-124.1330573	-86.91768504
-133.4935841	-87.46079843
-152.81631	-87.41455691
-163.3340405	-86.73633962
179.957679	-84.34007847
153.0264645	-82.94057445
137.9436627	-84.83963038
118.5886083	-85.46029047
93.43671705	-83.96793319
82.2777519	-84.09840362
105.3970138	-87.10751342
80.08792856	-75.88969587
102.3132387	86.22802459
-4.605985087	-87.05454904
-0.077728004	-89.23425068
-13.60296298	89.3907004
0.806493042	-88.69558545
-6.095343607	-84.55625292
-43.7922326	-75.65448332
-58.64947597	-77.70368074
-66.6331182	-89.23218104
-52.75147479	-87.11381857
26.99886013	89.20585069
49.28616029	-88.27116164
61.07221477	-82.55269217
-97.05900777	-76.50137684
-119.2741725	-81.29844643
-112.0531878	-87.90224559
-134.0258973	-84.02812303
171.698972	-80.57891773
149.2897621	-81.0634957
145.5223461	-88.11966549
123.0673693	86.31592995
128.1259473	-83.06825337
153.4828966	-88.78287619
171.4419628	-89.92270921
-174.9598416	-89.77324263
-156.4777321	87.64223196
-144.1466745	89.69590472
-131.2883097	-87.7339472
-125.7820947	-89.58060944
-113.4860355	87.19272734
-98.15578302	87.06703336
-82.0260731	85.06218933
-66.03398839	89.24799719
-33.14624968	87.60305547
-25.62486259	-79.26949696
-38.95964564	-69.94152364
-53.50158401	-68.16587906
-71.6838178	-68.92400211
-87.54297071	-76.52866755
-65.99141585	-87.76915701
-97.09969336	-86.56056184
-117.7279909	-87.52903264
-142.7842271	-84.42012314
-171.9123608	-81.21678305
171.4053232	-82.63957631
149.3807243	-80.47998975
135.8681364	-84.68650142
121.9247159	-86.24142411
116.8762755	-87.36683624
139.92864	85.28762339
148.6423171	88.05778998
153.9430253	89.55097076
155.8038384	-87.99288151
-175.8456047	-88.7212296
-161.0609251	-89.69153799
-115.3261966	-86.73351102
-100.2831646	-87.36074406
-89.41702381	-88.11964278
-81.68902177	89.69197984
-146.5672237	-84.11005136
-153.0365692	-84.92819513
-134.681811	-85.43432851
-124.3143977	-86.3921415
-102.5492056	-85.45407752
-97.9822715	-81.85907398
-76.45841149	-80.86898449
-65.75080501	-78.02637334
-57.31426229	-82.87082634
-43.11377239	-83.62339983
-34.64080658	-82.50015875
-28.05391698	-81.08837208
-8.812878635	-82.25835852
-1.099643933	-83.7772129
4.760533603	-81.52276581
11.5046724	-87.01140714
-13.49866515	-84.88358553
-39.59851341	-86.90106909
-54.93138582	-87.28570426
-54.77247012	88.71932624
-106.7357197	-87.65256823
-125.9430142	-87.61036842
-154.0351623	-89.53470338
-177.8465113	89.37621703
169.1648828	-89.56849556
153.5065401	78.2994308
134.040153	78.9537021
121.3689415	85.52322358
109.5585956	-85.58183452
97.2365988	-62.93025126
126.4928674	-62.23452592
142.4181039	-46.19799016
132.8170584	-35.1718544
120.7448025	-29.52098989
137.5407217	-19.44246698
154.2198492	-14.97180469
176.0008142	-20.14362169
177.2919784	-42.32257144
-179.7235381	-52.31428014
-164.7989459	-58.21672577
-162.1157084	-64.75457415
-159.7438716	-79.32190445
-169.331898	-84.6933507
-171.527853	88.95289654
-169.5330168	81.16294919
-158.7298443	83.75908725
-165.8889107	-84.28373499
-158.2435735	-81.45788389
-152.3892137	-85.90658181
-168.6512734	-82.06164426
-165.6359732	-78.28830986
-164.8514381	79.99485446
-152.7827118	74.76794758
-158.0855539	77.31769719
-146.9932677	86.01101442
-141.5147421	-87.25105848
178.2880417	-85.6145195
176.4791589	88.91351333
-170.1069269	89.57904293
-169.0599213	-88.2527469
-174.79884	85.20862319
-166.963871	-88.29968382
178.8552643	-88.74686408
170.8537688	87.9344462
174.5118025	83.35615366
179.8485786	-89.57737081
-179.2477295	84.32386619
179.1462645	80.27788562
-165.9070717	-89.03808538
-178.41418	-88.62340102
-178.4665704	80.23125281
175.8564793	86.78583154
172.3492915	-88.52736462
-171.6000135	-86.47248942
-166.5254075	86.68620753
-171.5256818	80.51689592
147.0078265	-86.80624414
136.2617812	-86.91337893
125.8620056	-89.37918205
112.820139	85.91497718
122.5512752	85.80311927
140.4404671	89.79678724
147.3343466	89.97687045
168.8112524	-89.13430422
-170.7089153	-87.44201048
-157.1182178	-87.97611551
-35.5201856	87.61721887
-59.30466146	-88.57778486
-76.8813654	88.2941667
-74.14256646	89.68190616
-19.75840455	82.4387477
-7.624216735	82.73607042
5.220086643	-89.98661132
10.09415534	-81.84143886
20.13504335	-67.35585441
45.41636144	-63.61143658
56.94215459	-47.5869973
74.16995582	-41.02343791
100.2165625	-35.49827555
97.80995735	-16.4105961
118.7921921	-69.83955379
123.3543048	-79.19143879
128.7383167	86.32122198
150.8879008	85.40473514
157.0280078	86.69435464
170.2942058	-85.41506175
179.2025447	-84.51693983
-174.7633804	-89.97952266
-167.1109055	-89.97927422
-171.8761493	83.70240583
173.7878401	79.49341554
124.9081595	74.38814095
81.96626716	77.05237037
-64.32477678	-88.39731491
-83.92672279	-87.01141582
-97.59375598	-86.84786831
-89.5823585	-88.59098895
-33.68458066	88.80293439
-14.76378179	-87.7431846
-5.246909646	-86.1497925
179.1756812	-88.80292921
-173.7503862	80.49218232
167.0991929	83.81544695
151.8066007	-88.86995487
140.2727018	-85.09895212
155.5845297	-88.18170711
174.057852	82.5988456
-178.2485731	79.76080807
-169.9381586	-88.45904051
-176.4981674	-79.93771485
174.9145871	-73.38967556
161.7205871	-67.93757371
173.4037962	-61.64467979
154.9261772	-71.55263542
150.6885084	-80.44493939
136.2004894	-85.84306439
122.5458547	-89.52687386
149.3211702	84.46887286
-176.4038018	88.59724287
-158.9580892	-85.39922364
-150.8849291	-84.15822096
-153.0197527	-89.57191625
-165.5020101	-82.03875021
-166.2791275	-75.42678884
-158.1574122	-73.67102806
-168.327093	-85.75511958
-171.4259542	81.58255355
-156.3353428	77.31392183
-150.398162	73.82913978
-160.2110958	70.88901097
-167.2148195	76.35517056
-171.0466063	81.34948178
-178.31922	88.88072889
177.3506748	-82.08028058
165.9133443	-77.41183451
-116.6023881	-74.61644839
-107.1652919	-75.62161971
-109.7924588	-82.79742461
-92.76837611	-38.31142267
-93.04353776	-26.92227976
-29.36349286	74.92534835
-11.9773973	81.17831381
-0.315239614	87.78294843
-56.54749198	-84.96987404
-73.71368009	89.89568846
-96.48518077	-85.85731951
-106.9376679	-87.03113846
-122.3772045	-86.54387128
-141.4887532	-87.37445785
-152.9091345	-89.21456302
-163.2187271	88.39340339
-122.1140774	-86.71586202
-77.44151758	-84.57645943
-42.11324977	-84.47677933
-30.37552426	-81.19109319
-18.99089697	-76.31737242
-14.18441633	-37.63558354
-23.12495358	-36.93093448
-63.06706176	-19.65860803
-12.14957347	86.42402205
-11.15865583	83.58892722
-41.75027982	85.52314267
-50.77649406	84.84293755
-21.12242354	59.34304352
-0.457890884	54.40705112
-0.044898887	45.27653408
-13.90277651	35.24128152
1.523546301	88.18692364
-14.30717799	89.66014521
20.27123066	-84.1792934
23.58673506	-80.31861458
31.80317638	89.99383694
14.57781471	88.37461724
64.52873315	88.97389645
69.42263071	-89.96312675
67.82319781	-75.12894473
7.903841269	-88.10795539
-11.93597191	-89.36081189
-33.69397378	89.48318213
-22.30629147	-89.00664362
-33.54033512	89.52886689
112.6384621	-88.33288229
125.9722647	88.11500744
127.3082227	-89.75712351
93.09278257	-86.55996642
125.4578122	89.30535892
133.0075078	88.41771386
151.6763422	87.85060233
160.3382204	-89.90656494
157.5840416	-76.44362689
142.4843207	-74.99404165
110.619696	-86.85246878
151.1106661	-89.12031123
-176.4714168	-86.02928052
-163.7820837	-86.66001172
-155.9306486	-87.64381376
-142.1008786	-82.59000072
-135.0821169	88.16405859
-163.1355964	73.57145207
-168.8208624	66.63343865
179.812815	-85.70947903
-167.8545852	-89.01392864
-146.7263571	-89.41873882
-126.6645275	-85.82813542
-110.9354245	-88.13110556
-102.0837249	-88.43799864
-110.4917899	-84.24506259
-144.861438	-89.60039428
-131.1168997	-87.83099125
-179.3627086	-86.793493
165.2903069	-84.01700258
160.9678612	-89.90214392
178.5852128	83.49439102
-173.9341469	-85.54878032
-127.9161817	-85.66602371
-107.1389085	-87.84376787
-118.1084232	-81.99872404
-132.1872667	-57.83114469
-97.98204775	-37.29251191
-95.53095402	-30.44772711
-113.2929884	-16.02069668
163.1329098	-12.18349727
114.0340014	-6.775946783
-108.9659886	-15.91958765
-90.92449462	-82.52268693
-90.37327601	86.03398855
-148.3176278	33.25680891
-147.9600267	24.48977431
-81.99839286	89.8524695
-79.50823342	88.99712748
-130.0546972	-83.77046988
-168.0985536	-87.71983842
169.6358666	-86.29688238
167.0846874	-78.57728166
141.4956994	-84.77555369
128.2828495	-77.35648326
115.7142756	88.65688682
123.6700187	-89.22072117
123.9802109	85.56956268
122.8040621	83.19437577
126.4831202	-88.87772072
119.061758	86.21997282
126.1595425	-88.95106273
-152.6688954	-87.37065416
-140.0252499	-86.56332141
-147.6616649	-89.29561562
-167.9135879	-79.06108338
-145.1319689	87.42969951
-133.2662813	82.91508886
-14.92124272	85.77280554
-6.093544513	-85.41209349
-2.491560989	-89.25858864
19.27291562	-89.48633298
34.33331554	-87.62059626
27.27301941	-70.91622594
-26.92095624	88.20025219
-53.30669842	-89.84555265
-77.56860354	-84.71566172
-98.08817296	-86.38829729
-8.636867404	-85.5754045
-12.51262157	-87.65314244
-13.28532118	86.12905108
-2.985861356	-89.34633199
-27.77918052	-77.21043804
-43.81638439	-72.90440205
-59.41675486	-78.49889916
-73.19809284	-84.38874371
-70.75003779	89.09096193
-61.86645911	-68.42450949
-103.178812	-86.37441004
-104.0561346	-89.49770752
-129.8849321	-88.59200422
-141.7188056	-88.47275025
-149.626511	-89.09647511
-159.0151057	89.50393427
-170.7140287	89.33188324
-177.4638506	88.75200751
177.2731626	85.2623729
155.2388427	89.31886922
121.6745567	-89.08107929
109.2364103	-88.03038751
105.6268331	-83.31537584
105.2955247	88.62287412
89.37366241	86.66338464
102.064486	75.87622554
92.00105063	-79.84175925
90.62703638	-68.17118879
109.4179072	-38.68644738
109.0748932	-34.43355941
109.6546284	-25.97358563
148.2469994	-15.1353151
-171.4302121	-19.67765084
-153.5508653	-18.36116903
-115.4291719	-13.44864331
-96.62108011	-18.37005543
-88.06776343	-25.34638543
-103.2207757	-18.13604416
-112.8378506	-13.09250726
-91.72102163	-34.50330413
-76.46910069	-83.33190541
-71.3189405	-85.10968063
-64.21723443	89.91180603
-54.6139282	83.08373005
-26.7568158	88.63337051
-31.79442058	-85.85211804
-68.03920119	-80.65979835
-94.24644646	-80.50175109
-105.4914639	-84.28332632
-118.5443152	-85.17628036
-131.9348581	-87.1664263
-140.5218093	-87.92448824
-149.1172427	-88.28261485
-159.4102792	-88.68261757
-161.2886561	-86.91495315
-170.3722008	-86.11171554
-178.2260745	-85.13475949
165.9497952	-86.91836971
154.5925403	-86.11623139
149.7659569	-89.4358867
144.7994092	88.21709219
124.8352496	89.05922299
118.9463271	88.74756528
97.71100168	85.09241012
110.6927437	89.11744471
117.8105678	-89.44881434
134.1089881	-89.73184375
141.4189407	89.90867776
150.1354708	-89.23358325
157.5210055	-88.93833016
163.9711416	-89.38977785
171.7055059	-83.50527906
-168.0423859	85.96878933
-164.6666121	78.50279666
-156.5178792	74.92349571
-141.1800464	81.03728154
-132.3663337	84.45700269
-119.4301568	85.88208931
-108.1573545	83.11201248
-178.2817707	-85.01419452
-166.8594497	86.99125362
174.301549	88.90353408
-163.4318322	88.20367239
-151.0535791	87.65565866
-118.6563403	89.9259755
-123.1011933	89.55046966
-99.33165889	88.43066367
-104.0882805	-82.67030731
-93.49695256	-85.54403587
-76.04604075	87.59287745
-51.23754577	86.08372821
-45.99610009	-88.09535879
-53.16792144	86.34067949
-71.67912333	-85.74327593
-79.51243692	-88.2567432
-101.6782715	-87.24417145
-89.08963554	89.14070635
-118.756764	87.66177058
-115.6543389	-89.06522772
-80.24010996	88.4323245
-69.89811975	87.69319716
-89.40474467	-87.89329609
-83.38524259	81.20021751
-86.5555786	86.74485745
-110.5276167	89.2606378
-100.8999353	-88.80635584
-111.9579124	-76.67580816
-106.4180203	88.75528
-132.0533215	-88.51281401
-140.4004491	-87.35644342
-159.0492449	-85.95877964
-176.3597256	-87.63389343
-169.8532456	79.91132658
173.6002696	-88.09910317
150.466526	-85.3402336
131.327913	-88.67126619
116.6285163	88.33375386
168.0853382	85.26678402
-165.3930615	86.00886405
-156.0396934	77.89146945
-149.6164732	75.17783458
-149.2000845	79.94864161
-148.3569088	73.95033598
-127.2796517	87.1545853
-146.8267973	89.08692145
-151.9182476	75.42031343
-132.8205447	88.70253746
38.08052394	-89.49987815
44.16008172	82.96092958
54.08464798	-75.18052175
63.13936684	-63.75205924
75.39386553	-58.53938547
92.71331941	-52.10886519
106.5045728	-56.67659655
110.7261738	-60.46506266
136.3403765	-68.75110412
131.735342	-71.60663117
128.2834467	-83.16333401
124.3307106	83.12148942
112.381719	77.33966124
127.5990715	71.85132791
139.5875821	50.54419039
142.668619	60.79519846
156.1714498	62.1791843
162.8787305	48.15883018
156.8326714	88.05238516
165.0944832	-83.35019103
173.8074521	-88.04119031
-173.9021352	-88.29455075
-166.6679404	-89.08402385
-146.7634252	85.11337206
-172.5166945	-88.76331618
171.4904167	-84.75247205
134.5509687	-87.02615733
153.6286804	-88.658018
-167.9577242	-86.92344062
-142.7433119	-88.40384272
-122.3742652	-88.71088422
-99.7378817	-84.49125252
-84.83054641	-85.00101558
-64.62466967	88.8880188
-103.1210255	-85.14986583
-127.6205062	-81.00487791
-149.4702848	-78.61712932
-175.6454756	-82.85083434
154.5050135	-85.01862245
134.9103709	-84.14590367
121.1811709	-87.3674319
111.2155282	89.03602008
106.3876241	88.14899232
145.1189662	-88.83016428
160.1599406	-84.01895052
163.2814018	-63.33801657
162.2673811	-42.42779284
122.0086636	-32.10195638
99.23784348	-25.55420824
115.9372079	-10.59128833
121.6119476	-3.92376387
119.4880981	-24.95978472
171.5925359	-73.01020407
-171.444843	-84.63716088
-170.4099209	-89.67434412
-163.5212833	78.29828273
-179.8566735	76.30042376
-179.7306513	83.4497108
-166.1222291	-89.55456513
150.1315177	-78.11946273
138.3557987	-75.46240749
146.5357637	-56.26110527
147.8279254	-49.23574864
138.7563119	-87.67217751
169.3759844	-84.16421748
172.5431312	-89.16850006
178.4035318	-87.29598056
179.7102143	84.69216246
-169.828945	85.74000674
-172.2598606	-86.47510593
172.412739	89.2209305
172.9328391	-85.63614762
-141.2112006	-77.07050044
-129.0929386	-78.93363229
-119.3125081	-86.77549665
-104.6817077	-88.52347329
-110.2221884	-73.28112636
-114.4248958	-35.6496311
-97.11138371	-28.98309246
-121.4092689	-19.0995432
-175.024615	-15.37324245
166.4280619	-8.558091879
-153.3019976	-10.52240447
-99.94952932	-17.62224217
-108.3567636	-77.0025976
-111.3948178	-85.3859366
-77.87973754	-85.77726416
-69.49094621	-87.51524695
-30.91549875	-87.19750833
-10.0173387	-84.74981508
-0.422604433	-85.81233242
16.28856255	-79.70452004
25.10897388	-79.00226034
30.76360656	-79.13680114
7.938483768	-84.894951
-11.21550421	-88.2573309
-30.38357427	89.20786133
-24.85523035	-86.27875041
-30.54207819	69.19159841
-26.60988878	50.57592895
-40.63971665	43.77991931
-59.26763896	43.8847199
-66.69214208	77.83135858
-62.98405889	-88.67879496
-49.83197254	-89.88688006
-79.7750116	-85.56505365
-94.48917847	89.51981908
-114.4463463	-84.73666716
-123.1690334	-85.32306393
-143.998697	-88.64918522
-153.8728645	-84.46534369
-168.5165623	-80.34584277
-174.425882	-83.76842541
175.1855038	-82.09845194
-164.6389964	-85.52340331
-166.0316149	85.60045316
-154.815728	79.29009783
-152.8412539	86.31375214
-141.0634095	-89.32726841
-115.1783292	-79.99929049
-99.44873657	-77.66335477
-111.1618689	-81.57391348
0.26383257	-84.71999183
2.901174848	87.20852065
2.77308009	87.14721397
23.30913344	-86.48881366
4.036298205	-83.71807853
-25.47290516	-75.62273054
9.632531487	-62.67891311
7.251320256	-75.52616196
3.358596649	-88.13948883
-6.766829764	-78.52581315
24.39022325	-67.47865282
13.9016783	-84.21696788
-10.27522979	-80.93034902
-56.99133814	-61.46219201
-59.9184763	89.74956092
-83.63963579	-88.13769165
-96.19145736	-84.51757579
-110.259025	-86.50606563
162.5204524	-88.01345276
-175.3929186	-87.77031166
-128.6957595	-82.16512027
-100.823841	-82.7264753
-75.77581922	-86.24428504
-50.26178926	-88.00560693
-28.79572263	89.89368563
-4.440153701	-89.719344
19.82973002	-74.74078397
52.87720312	-15.05704327
107.5044968	-68.89319701
137.8315436	-86.52234686
166.3974575	-88.0146662
-170.4148028	-83.19128573
-150.2984709	-81.47773263
-139.4490943	-81.66926226
-169.6112378	89.59216209
-177.1469451	80.24731423
179.2987033	84.54740887
159.7835004	87.18503436
141.5980914	-89.28086289
-153.3217131	-86.73397625
114.3819896	-88.04196998
83.57852518	-87.19065909
55.38823544	-81.27818198
-53.83538078	-89.10341965
-43.85347869	-88.75472879
-29.51992287	-88.75506708
-23.17589421	78.81284235
-97.40337233	82.43580276
-112.066058	82.13976308
-111.0484748	-81.22338175
-39.63058594	-88.82639629
-17.90446179	89.6200435
-13.78643997	-89.2402217
3.200416487	-87.98318852
-29.62959115	85.76838474
-173.4215231	-85.85492586
-162.3099838	-85.21117144
-132.0526764	-79.77856883
-132.9252969	-80.90599902
-117.6765837	-81.13366503
-99.57862956	-86.6548001
-124.5337243	89.21216764
-123.7474504	-80.31578837
-126.7185537	-88.40141593
-112.4165713	-86.33995383
-156.0803933	85.02168531
-178.9724761	84.17955334
155.6999127	85.95179447
124.8194908	89.47694295
119.1838921	-85.11937492
88.50450855	-87.11573999
89.01659792	-72.62327268
79.04765275	-88.57301034
99.50284809	-88.90224344
153.0604057	-85.60874213
173.3266133	81.68266052
-169.6177093	87.77518001
-152.6318544	89.67635759
-163.0847654	89.84669936
-134.1266696	-87.08988859
-110.8589477	-83.68723012
-141.2510971	88.34627235
-166.8404611	88.08492124
167.6224222	-89.81587691
146.0475662	-89.95799261
133.689911	89.29177815
120.7013841	-89.21253411
110.9728209	88.05537171
146.4846537	88.19125032
127.7472851	89.74228836
156.5942317	89.04240464
-156.9048677	-84.61984457
-139.1985508	-80.12221854
-136.1255135	-87.19005193
-143.4094352	80.2659684
-155.3258667	74.70093188
-174.6175097	-88.83371678
-164.4115155	77.40414642
131.8268984	85.27659806
145.4008047	85.03167616
161.0909625	83.87243324
-177.3372604	78.46219523
-176.3522295	-88.47165676
-2.117836556	-84.86213521
-3.751353235	-89.27228845
-10.49889289	85.86846982
0.052319307	78.67240669
0.848126136	73.16893406
13.43215168	74.54238203
3.981936461	-86.13581503
15.02189727	-65.99584613
42.43626391	-64.66539298
47.63680682	-66.79329922
43.9907664	-67.65666301
43.65799271	-67.15141907
42.45186492	80.57554896
36.29660271	78.50790638
-2.608595144	-85.24448523
-15.5313741	-86.07797807
-22.0517314	-89.80749758
-41.80238397	-81.65946706
-55.01563965	-86.90972212
-56.53238247	88.64401993
-73.86405489	-84.03763076
-88.75609131	-84.56404919
-111.9813103	-80.75341506
-111.7884964	-85.19221868
-130.0272046	-77.51195329
-138.6194627	-72.29583634
-145.0248618	-76.02048247
-124.3746573	-81.79143119
-94.26938067	-83.43382634
-88.02079845	-85.52587769
-77.6360005	-86.86496376
-93.88810369	-78.96510732
-105.5517989	-85.39534143
-105.5592486	-89.18482027
-125.4099945	-81.99456756
-142.4009038	-75.53040941
-169.0858693	-72.83014465
-173.1342712	-68.48159724
176.1212444	-68.69564369
171.4949529	-79.55472028
167.4590182	-79.38349499
-165.7551808	-84.37743012
144.9375524	-73.93790375
140.1523337	-80.37820465
120.3851038	-78.43730659
128.194387	-78.82791321
144.2979259	-79.44216198
146.1239381	-32.78957388
107.5473146	-32.74659496
-9.774721573	-6.109613193
131.0245554	-5.892909333
-174.0962273	-67.96964434
-170.3262835	-78.48334026
-167.7109675	-88.37652755
-169.4689528	80.35019559
-155.8037996	73.35047515
-154.1643158	70.00228668
-154.3255508	61.17857801
-136.6756569	72.51260916
-129.1214947	-83.90340637
-100.8744164	-89.87254869
-83.60303501	-86.54567235
-68.75373581	87.93221832
-64.27472721	84.73452836
-34.12440792	-87.38875041
-24.65655286	-89.82550196
-15.08716752	80.98370699
-30.16873118	82.67302244
-3.115216606	88.12239871
0.780879986	-79.03693794
-6.54762627	-87.03714963
16.9750253	-83.63377828
22.46015668	85.45501419
21.30803102	77.733513
39.57406102	81.90535015
24.90763648	-74.71438779
-24.79102061	-79.6154536
-48.9512485	-84.09842125
-77.4639077	-83.42168627
-92.88401306	-86.65358357
-131.7300417	-80.60898538
-126.5235015	-84.11011274
-157.0152779	-84.98670072
-176.1796318	-86.17886171
174.9927045	-84.20885473
146.3908224	-84.61681221
42.34833681	-82.29661889
11.49372571	-87.02108473
64.82597111	-67.3372555
72.5423642	-81.88587983
129.0830491	-85.63864725
159.9226961	-86.8384861
-167.1189743	-85.36817294
-153.4189533	-85.18000964
-174.5889367	-84.02597258
167.8110506	-76.61633166
138.3820917	-84.27785136
127.7268197	-86.55753275
145.2019374	-83.63202476
143.9009737	-88.03968257
116.2175057	-88.15505386
-159.5880142	85.78305437
-145.5236361	88.36843683
-164.7145874	-84.19628628
-146.9632344	-81.00718686
-168.6284335	-79.06420337
174.216337	-82.29328785
-174.116733	-88.21671185
-9.260303201	84.70993206
-4.400787487	86.47351914
0.35059697	86.21841225
2.11545272	-89.65347892
0.151115246	-85.48978836
-9.163923403	-78.65714244
-31.15833634	-74.6884747
-29.75464043	89.99731954
-30.64289856	83.3400985
-50.65446653	-86.40642613
-58.0703632	-89.91915305
-62.46021568	84.73723675
-61.59814062	-81.80921923
-47.26897124	-65.47638456
-38.48077855	-89.2417632
-15.39163575	87.99660583
-11.96411872	-88.32283751
-0.167125361	-83.8070679
-16.9278945	-79.21035723
-35.28789096	-73.39908474
-22.46530051	-77.05617412
-8.554012742	-86.17078741
-3.646932086	-87.47434538
-42.11233708	-87.00445388
-43.69314051	-89.94143075
-66.39025809	-88.58401966
-72.00159353	-89.43805553
-81.8573049	-89.03842677
-114.6039049	88.74504798
-133.7048123	-89.16162923
-145.6737996	-89.22631142
-153.8864419	-85.53184891
-163.3405301	-85.36206433
-175.790258	-83.97081246
177.8499955	88.11126227
-175.1701876	80.25139863
-165.8496454	74.33087674
-154.7229538	51.50056975
-143.5067757	46.73884239
-154.5084277	71.02658404
-134.4707003	76.80693966
-143.0993349	84.66683813
-143.8823944	88.79156472
-144.2259085	84.31799171
-143.2636501	-86.62353741
-151.9110397	-81.37289378
-153.42396	-79.62278589
-130.8643912	-82.41718976
-116.4494004	-83.78626954
-111.9846746	-87.82897666
-100.1941847	-88.6794349
-84.56248505	-89.26401766
-48.92310198	-84.83198423
175.5032495	-83.08655257
175.023198	-85.224624
-164.2622156	-88.48353498
-172.0136525	-87.03281523
-175.2107631	-76.59257919
-166.2030934	-73.7099175
-172.5509944	-85.95093589
-150.1075838	-89.0240065
-126.1649088	-85.95388634
-118.6924107	-89.87845317
-126.4218498	-87.05122491
-147.1103712	-89.22810565
-158.9679124	-89.56298739
-168.7802933	-86.51269896
-177.9825752	-85.76571903
-168.7655506	-88.51559043
179.7857523	-85.52458837
176.3217911	87.57982125
173.2268076	84.53529121
158.5341875	-86.4734561
146.4641606	-83.98382872
143.8046175	-87.65167001
-177.9112504	89.9252903
-175.5749812	71.97884243
-157.2910394	84.00850123
-148.9984657	89.58416846
-109.2627956	-89.07173973
-85.28811795	88.7832613
-75.92634373	88.209774
-73.81000115	89.70868233
-101.5425457	-87.57499362
-108.9875722	-86.18958294
-113.8227128	88.30478319
-110.6839644	-88.31215783
-137.0282097	-88.33504868
-144.0479023	-84.41944254
-156.2761056	-85.32939042
-168.5839999	-85.3409516
-172.1026169	-87.01628298
-173.8535134	80.91031531
170.7603338	-86.68576264
163.4228718	-81.13252474
148.5563143	-82.4593624
141.7905377	-86.7568542
123.0252985	-81.2551258
108.9313412	-87.072542
96.19593688	-89.10179081
76.62956188	-82.81029617
65.5970394	-82.18851238
109.1497633	89.37200013
161.130466	-89.88676087
-177.1806937	-88.71395323
-162.7476041	-86.92094941
-141.3299171	-86.33449049
-161.4948356	-88.57002597
-166.0066499	83.10441644
-157.964092	76.52954932
-157.0077054	70.57072993
-160.5323659	60.0184671
-34.92535162	77.23144167
-13.38945631	86.84419856
-1.755996432	-89.27792079
8.769646916	89.45514677
40.06134204	-85.79034873
54.73192801	-86.15322689
54.60508835	-74.39311815
71.19436313	87.04395078
101.0176278	84.53781528
107.6750749	82.54612388
128.6762376	-88.63982544
120.8149958	-73.51145146
162.3170261	85.02070949
177.1788787	-88.80326981
-171.1294505	-89.30765047
-153.7758396	-88.25969347
-124.6350676	-86.72622317
-102.9941641	-89.21883742
-80.45697183	-89.67222858
-93.03570553	-85.09525882
-42.01111026	89.27535105
-36.02382267	-88.10015334
-78.91380746	-84.13824842
-103.5820608	-85.64399681
-136.4325778	89.55828883
-165.8324762	88.30764779
175.2869214	-89.52266436
154.3519742	86.51959855
132.287276	85.94088747
107.4772145	87.10945517
94.5098708	82.91710632
27.185653	-88.81420506
8.514124051	-89.37850354
-41.72171701	89.58984983
-26.83525161	-88.88046968
-63.60814569	89.67893
-78.37610602	-88.18413879
-50.30215947	-85.42963332
-16.24966206	-88.78610438
-4.452642993	-88.44887533
5.065851088	-89.56976085
-1.595326743	-89.30867965
-10.03820838	-88.97478007
-10.96542318	-87.10069831
-51.3597795	-88.19477334
-64.48133592	-86.14539107
-94.92798451	-89.47318247
-109.3195167	-87.18738053
-124.9837509	-88.32045151
-137.823716	-81.81627763
-150.1952525	-72.408712
-163.1026553	-68.49100311
176.8491407	-86.1500414
177.1656628	-89.89192457
-165.4156803	-87.5043919
-169.2299294	83.13854906
-130.8083012	-86.20661139
-119.581221	-83.8426211
-103.9123835	-87.18294112
-128.4031169	-86.38681679
-109.0674132	-85.81357776
-81.08660302	-80.51863671
-58.69752199	-80.21729145
-50.26786568	-85.58165853
-35.09946379	-84.1416246
-24.80812407	-84.53949244
-15.83722712	-87.60110993
-12.68679599	-89.23126132
-21.34243382	83.70457156
-96.24096422	-86.99629004
-133.4343737	-83.8319132
-171.3961054	-86.88693567
168.0760581	-86.06049384
131.5680649	-88.9741805
143.1533099	83.37201149
149.2540325	-86.0758738
157.8034128	-69.29166368
157.8218617	-69.29081322
167.8319719	-84.11739016
-167.5662982	-85.95388525
-163.8012386	-86.77207782
-166.9813246	86.90035084
-169.8793761	-82.46173917
-141.2387683	-83.23843524
-139.3764942	-85.30013267
-0.933975046	-88.75690685
-22.10052891	-84.73341594
-42.70593935	-81.74044187
-56.39487215	-78.64498637
-72.18545773	-88.80026154
-69.36043607	86.3996156
-171.0871444	87.18625666
-119.3256822	87.62305838
-97.41512093	89.98237642
-92.22936013	-87.40778981
-27.95139827	-87.28850312
-51.19747883	-83.90429165
-55.21446659	-87.9423333
-150.5830957	84.2370629
-130.9147632	84.94868739
-108.8266598	80.85733411
-103.740002	75.67761841
-90.28218451	75.42641891
-73.23645848	74.5451819
160.8074367	-85.27014687
-175.2078484	-82.60990729
179.2415676	-82.57303982
176.4365237	-74.76754413
168.4208078	-56.59862463
146.1352154	-32.89481745
122.8517159	-17.89897471
110.8838848	-22.69522278
171.8608711	-67.00573163
179.4735988	-70.19447925
-179.451714	-84.03415257
129.6259274	89.05699614
119.6265414	88.31116781
168.6233296	85.13782113
-174.0048195	85.13677064
-163.9747887	-89.66511905
-171.4922445	-88.91584133
-161.9262803	-88.12462114
-168.9379048	-81.56875967
176.7168252	-79.41827319
179.4399423	88.66674185
-169.1375457	84.03150956
-161.930134	87.19393609
-164.8427444	-86.58203852
-170.7587834	-79.96940366
178.1172719	-88.19603617
-167.6324347	-88.34913971
-163.8032168	-88.60775869
-164.6366678	-81.96598934
176.8194739	-88.65216235
167.4044638	87.91145402
179.1020948	87.86829158
152.5156777	-88.62818042
135.6390631	-80.83645068
165.9489754	-81.07669372
130.6908422	-83.60025845
114.0848811	-82.2909253
119.0511964	-75.38653895
106.9683019	-73.44062752
103.2691165	-69.22646428
110.8668647	-62.34956117
104.4767097	-51.02802198
108.2089568	-43.92393536
96.46155078	-88.1092918
94.05928867	85.78684671
102.8357604	70.32915145
109.3961712	66.00095979
138.8741906	56.5609853
155.9853968	52.34431211
175.2251224	50.91223606
-170.4620277	49.40072253
-164.1814565	45.57015886
-159.0047977	52.13385049
-139.3871481	62.84936322
-111.6403691	67.87277415
-89.13597698	68.63666187
-96.49541424	81.3686196
-82.52839183	89.95307263
-71.6605902	-85.46828601
-73.13611493	87.96887299
-20.92387938	83.15352973
-33.42429468	86.78598726
0.047959981	64.36751763
8.333752111	77.47123684
23.70074527	72.61076708
12.18537895	71.02499673
11.88956325	-71.08891477
11.39815411	-61.82809184
6.762203197	-61.99170722
-2.311719431	-50.14624822
-15.89311502	-41.13896461
-80.57863606	-27.72564218
-79.26439329	-20.29231679
-73.72398816	-17.08369771
-101.7216153	-19.34716059
-137.8203444	-57.39436849
-144.2354616	-67.60750526
-147.1484815	-77.31699004
-149.782819	-81.38578753
-160.8805165	-77.88590725
-166.8614917	-77.44167058
-144.6151563	-79.17611119
-133.1067263	-81.95746142
-124.5805478	-72.02449101
-134.9947212	-86.22708315
-141.3991165	83.17959462
-155.2674048	75.87503329
-172.0873989	-86.15163533
-178.5601201	-88.37589012
167.4327878	-89.41953433
168.5958329	68.8563731
-164.3037573	57.30682313
-157.6822831	51.36223938
-1.748008428	-84.72320845
-2.073579598	88.66602111
-9.537092754	-88.12311691
-32.32431055	-78.21673726
-46.86649194	-67.37295348
-57.57728591	-71.87802058
-64.65250758	-82.47335224
-63.87358841	86.8922916
-56.89026349	88.84041434
-75.28636114	-58.19704393
-81.06463806	-48.61876947
-92.15201338	-34.35676586
-90.23330636	-26.22862137
-53.65090838	-11.40985228
-82.63993171	-8.644223216
-113.9781221	-22.17557779
-171.9080309	-26.74523416
153.8805635	-25.318423
139.4919519	-25.1849811
90.19671416	-16.01019641
-96.2653095	-6.043184262
-160.4611135	-85.29933822
-166.2674361	87.20991457
178.6847561	-88.83277465
168.410222	-85.70315634
167.9458592	88.52307771
143.0687911	88.40380556
141.0591721	87.71447646
176.7799079	84.10531045
179.8475547	82.93056519
172.3994899	81.46541422
-167.71406	-84.68784097
-163.4641644	-88.3385705
-127.6228263	-86.46247883
-105.2915461	-87.70286261
-83.6435063	-87.92788705
-61.55124408	-89.74191288
-27.5249938	88.96849605
-11.04424942	89.36511984
0.336754512	89.58735818
20.18993524	-83.83794817
24.59948517	-82.46180944
41.64916322	-80.84830967
36.54412697	88.91134463
35.23295356	70.92885295
29.40340159	66.39674979
59.26240307	74.94232978
69.92021579	-79.85963987
68.51944189	-72.03253047
59.72792895	-73.60387892
45.24028039	-35.39597545
38.4661274	-48.42172538
15.63889669	-85.88588299
10.62994734	-89.44189502
7.397420562	89.96841064
-11.25998638	89.20009583
-27.33310752	-86.88874473
-61.70534877	89.78894953
-91.0773352	-87.29064083
-111.509431	-87.33813686
-135.664134	-88.53872777
-152.9087067	-84.19887715
-172.093393	-82.90808353
171.1283284	-80.20092978
151.925454	-79.78897473
148.7251604	-79.56485464
154.0417634	85.79479952
173.4047458	86.06832967
-168.6659217	-81.09944076
-164.547435	-73.07612326
-157.7813547	-67.65874403
-153.7118725	-68.17487802
174.5980953	-89.1351795
139.1074907	79.32972604
152.0291719	83.9911964
-176.9899585	86.82974077
161.0907577	-82.86833774
159.6268227	83.54857872
150.4480581	-75.6498276
166.8597999	82.15945995
170.6767438	73.25514713
172.9119163	82.7859522
165.8517828	-88.3069031
174.7922262	83.04925829
165.9513388	-88.67982934
157.5877172	-85.31739185
167.6619935	71.78982215
-158.0338007	43.3447124
-158.8785789	36.06848857
174.3195167	24.63760665
-177.6286859	36.28360084
-169.7396063	51.32734927
-161.3654309	73.23962337
-141.5742825	63.98641759
-162.5152907	72.23208718
-156.6630573	59.96651011
-146.1685546	59.70541234
-170.7928759	49.15941516
-171.4440117	41.88050811
176.4736999	42.25705948
177.1183125	36.41874961
178.2029486	39.37269154
178.9108225	22.19163468
-163.6386255	40.75584065
-174.7570415	74.9115422
-176.4097202	46.35753684
-178.190003	39.6526112
173.4910924	62.10528338
156.5100864	73.7882566
119.6749439	-88.6538563
109.6182212	89.16323632
152.4548283	-87.94772236
-161.7554797	-75.15281122
-147.5053841	-78.30463865
-151.850611	-88.1672145
-165.6268719	-86.25494304
-167.7387865	-80.05072965
-170.0421701	-73.84950263
-165.0845125	-85.53565976
-156.7511155	83.14468131
-149.0294694	74.97196311
-149.2176716	74.82304978
-154.5647867	73.87206922
-153.1147935	67.6905304
-141.2293497	85.04241715
-132.5716938	-89.70720592
-1.101488652	-85.54574432
0.934601233	89.38384504
-19.85763931	-85.29951168
-43.07725543	-79.5927548
-65.44430871	-83.38449678
-65.5459005	88.81067638
-91.02109055	-88.74692794
-94.27867423	-75.91933335
-114.9225022	-88.96991373
-127.672222	-86.0443096
-103.5783158	65.34684855
-102.8586428	58.28043048
-102.3293473	50.47958276
-100.6762382	35.8164874
-117.7816605	30.06187032
-143.7822037	32.04263074
-161.5139024	40.62431014
-149.0688596	61.41299585
-111.9007282	73.64477006
-107.0930585	89.61473411
-147.3522362	89.38983394
-160.434953	89.04156207
-179.5637557	-86.84110611
170.1619347	-87.42977054
146.9607454	-86.18739894
-175.4596427	-89.38028951
-171.3136285	-88.93338552
-141.0115368	89.71006796
-93.07677795	89.59032525
-72.3186636	87.66954068
-63.326505	88.99057924
-27.98940578	87.7814323
-1.216390182	88.82828546
19.20020793	-89.37156516
10.26655583	89.48794265
31.80525984	88.23353535
49.47212343	86.05004534
63.04192058	-89.20724298
21.49431001	-86.05587052
-13.6374552	-83.34767576
-37.21577622	-49.58903602
-51.76933071	-38.65582469
-85.33492742	-29.199209
-88.40990615	-28.74644317
-109.5084413	-55.61914712
-114.1918573	-88.58285164
-126.9458333	87.42902348
-139.2680417	89.47668378
-160.1819819	-85.50007793
-177.9726871	-84.87366542
166.5516415	-82.14490725
140.4425353	-83.78200025
123.707186	-89.5536913
104.571585	-85.11568859
147.3755821	79.17460676
174.2884355	83.28312086
-172.6358881	87.96661286
-177.1496288	-76.1332563
-162.6203776	-70.26523143
-146.1985976	-71.64425346
-140.9792878	-71.9616367
-128.3686774	89.92586607
-121.828026	-89.1625398
-159.0872835	89.51677947
-133.5482857	88.19269969
-108.6942382	-89.33749392
-49.07066643	87.08043859
-45.94334282	85.40703082
-25.2202518	85.88433484
-11.97126012	83.56378481
-2.556339759	82.7641208
4.782347886	89.59653644
18.52226543	-86.27659426
22.84266031	-88.91735336
30.68035354	87.52678759
17.98780589	89.47823194
49.06719677	85.7995517
53.04185048	79.46610069
50.28370859	75.94147749
5.547806458	75.33874437
-5.596836612	67.65740787
-20.43270222	63.00200795
-21.47054383	57.47657023
-49.17208249	55.79760243
-69.45013505	61.34642431
-94.80380485	63.39490643
-109.4614456	63.68119095
-131.8544543	76.19747016
-152.0942306	82.35880164
-173.3900378	83.83405587
172.5764074	88.44176507
162.5369053	86.89886444
142.6600545	-87.38673285
142.605453	88.77374015
118.6941799	88.64353645
144.0926916	87.27745111
151.4000519	86.76459326
113.3082458	-89.88971604
106.6568413	84.24371687
134.2362779	85.04447112
141.1156396	85.62463343
60.30194295	89.37720005
40.67087043	-89.92390327
27.66557335	86.97745612
5.194030949	89.9462751
1.526070815	-85.06009169
3.150221219	-88.74950719
-10.3306971	-89.73548798
-26.68563459	85.04677364
8.19003966	87.04299441
-2.532961585	84.51512005
-2.891034999	79.40250627
-0.029992299	83.75538882
4.81609429	-87.03906335
24.54163231	80.51949963
-1.447522144	89.54735923
-9.506048589	87.01671037
-4.698758861	87.02596812
-2.051638021	85.21807726
-7.405774961	88.72883432
21.45814694	79.35880695
5.473115604	-87.91320582
1.325574457	-80.27507232
18.32004662	-76.04702752
-27.01872678	-85.07465586
-44.23652232	-86.82892128
-45.31950755	88.47819979
-47.42282159	-85.19549945
-48.29676861	-78.52988007
-69.29427254	-80.04813138
-74.68316352	-88.50547685
-70.09367365	-78.35366725
-67.60547807	-89.27067411
-85.34079325	-78.92363738
-96.96461477	-80.38839493
-114.2835472	-81.50808736
-134.2869731	-83.90214095
-146.3313633	-82.43898602
-160.9100641	-80.65029571
-169.0504317	-80.96789021
-179.0022013	-75.75349744
177.8520739	-85.52179873
-172.1334718	85.3028559
-175.0019878	-76.77624325
172.2359817	-65.09174307
-179.6064706	-52.11513118
164.4886789	-76.29030642
160.5137379	-80.69331771
159.9309343	-69.64003517
168.0287576	-65.40244478
170.453603	-62.95882597
-169.9329612	-81.2862466
-174.2690029	87.42203958
-163.3885857	86.68851554
-154.4457914	-89.63542129
-151.1992604	-78.21549443
1.11328002	-85.66607108
-3.312015148	-86.85068868
3.839605526	-89.93540973
-2.50258679	85.28172619
-27.02503174	-82.55910534
-49.1847116	-71.97151658
-70.22716076	-84.73591847
-68.94240862	87.31584724
-104.874927	-88.34508968
-128.9588457	-85.01127772
-153.1712152	-84.25891698
-176.8624543	-87.76443706
169.4476142	-88.62973651
178.6002204	-86.88295059
112.2945792	-87.29655841
109.0880953	89.09927258
108.7229296	-70.87580695
122.5674389	70.75138186
110.7953773	72.75628748
98.65619326	73.20211369
176.3528727	81.60508914
-178.2788449	-89.15985484
170.6860132	-84.33493609
169.2949864	83.88941853
179.7963422	79.95755201
-174.5344314	-87.12255934
171.6221287	-85.21088931
132.1429961	-89.34489141
-68.51072182	85.25040995
-60.0466329	86.74434273
-24.8317227	81.23784874
-26.65116033	84.40501024
-23.42848393	88.7971495
-17.15855245	-84.4820736
-16.70445459	83.68591954
-8.135336309	82.54527054
-6.316781354	78.81416817
-42.63479446	-87.68387094
-42.1952412	-88.71883587
-137.4594177	-85.52282349
-158.085029	-81.3952765
-170.2256325	-83.54227276
-163.8497494	-85.64454552
-147.3822326	-71.05297912
-159.1565243	-72.00452477
-169.3107801	-88.20038931
-152.7537951	72.63883413
-152.7177097	59.6686017
-178.2342103	52.11178646
-129.7113035	55.70507612
177.3969834	-82.78192272
-167.0916324	-88.49795402
-155.9124844	-88.52060943
163.4628746	-77.85137501
143.4240819	-69.68084048
155.8929434	-82.96403115
174.6818264	-88.57974417
-170.9801219	87.11773062
-151.4688322	82.32303345
-118.7061948	-83.20747551
-102.1738395	-86.42164798
-119.7378399	-86.73985024
-78.71773974	-87.27938076
-59.84018448	-89.33271273
-51.53123342	86.36055204
-37.86418554	89.92650371
-51.29261779	70.66493022
-94.88459598	76.40063921
-114.7085156	89.91763147
-130.3915448	-84.7498571
-152.4463753	-81.71326025
-159.3191974	-73.59240481
177.081589	-82.18524068
-170.0626793	-88.9117223
-167.3013042	84.47659342
-173.4790931	79.5348128
173.0018889	89.24821536
-178.3924511	-87.46637024
173.2691929	-86.18120757
-152.1302934	-85.142893
-172.4538476	-86.62339737
170.0876469	-87.11167277
154.900563	-87.53861209
131.3264456	-88.80203362
135.0405311	83.47152997
134.3598817	61.08389206
119.7677041	54.63798325
145.0635213	28.32497949
135.0120452	25.36455274
97.75836311	64.07666727
86.06826415	87.65436664
68.14479368	-86.893059
57.32653549	-75.58777489
46.96746691	-74.08042581
51.1343049	-69.52972603
27.25274197	-63.80546821
27.3856738	-75.10217092
13.9795885	-78.77677938
39.21509735	-80.33670772
23.00806639	-66.92833927
1.846663601	-68.54166221
-5.999689608	-76.04361208
9.461996459	-76.25981304
27.77360275	-67.50692329
51.51186635	-71.32174699
39.9762175	-41.88146318
60.57576565	-34.53094349
92.80082292	-24.65486648
102.4218193	-28.20598826
55.22163698	-18.11706907
37.85608555	-11.61008925
-0.581453886	-5.420226607
-1.163017664	-9.651095777
114.5163476	-15.11921348
111.5847279	-28.87338747
134.7291576	-56.1302302
-1.817544725	-85.18883714
3.167915018	-88.45911403
-9.544787896	-87.44841426
-10.68764442	85.32946773
-5.929909859	75.79811951
42.37653869	-59.43522493
52.85579882	-50.93799744
27.30494597	-32.10512004
-3.720105158	-13.05695287
-40.19588215	-7.417364338
-107.8450787	-11.15419791
-98.13296502	-24.40987951
-13.58800639	-51.81108792
-5.430034384	-61.24992882
-18.12444772	-74.05944107
-30.97405406	-71.16145363
-49.59569583	-83.0009819
-57.51351589	-87.85979004
-55.31878933	86.51625593
-12.12117602	86.16046458
-7.000370931	87.31132458
25.67102006	82.31908476
22.58875939	79.82849295
59.84470269	78.95927416
76.29552922	-85.73408138
88.81113363	89.92087966
98.46968017	-89.99415451
125.1135072	-89.99570297
143.9836358	88.11856012
143.4541607	86.73248521
149.3730663	85.50991461
172.4234119	87.46786826
-172.6027749	-84.95611042
-169.8406068	-88.00060711
-164.1728768	-89.549351
175.3973595	-78.74030984
-167.5115577	-37.4554328
-142.4755594	-39.16710391
-152.7606672	-13.46802247
117.5232892	-5.36225739
89.96542419	-8.812455315
-57.4513053	-2.410234526
13.04123642	-4.660997073
135.0989025	-3.003460491
-109.2062969	-2.688860069
-153.4978592	-23.2878745
-171.5170723	-78.45992146
174.9308144	-87.86664792
149.5908796	89.25378596
133.433897	87.87203756
116.2930723	-89.82235069
94.88214546	83.72873214
75.76230417	88.18219414
72.58442832	-73.99009769
102.1191507	-89.35631001
92.50801272	86.04541571
52.37811737	-89.71115924
40.89405066	-89.13898675
14.52080469	-87.72378122
-1.251684798	-88.5103741
-19.58058858	-87.52128551
-38.37976281	-88.10581587
-53.84916241	-88.20261978
-85.66155916	-87.26593221
-110.7962559	-83.83543879
-131.4914029	-79.67128275
-153.293499	-84.36911292
-175.8268538	-82.90026563
-178.5093248	-85.75841643
-168.4479378	-87.89562273
-163.2019315	-88.23455003
-172.2577984	-79.36447704
158.9126125	-79.86306083
140.633997	-78.13713355
91.24313262	-80.19307492
73.48624881	-84.43385003
132.7106562	88.14190526
139.0544072	84.70358037
153.450675	87.2036219
-168.5870021	89.04427904
-164.4888856	-88.86085887
-152.4924178	-87.90855296
-137.6824524	-89.69957379
-126.9939419	89.39825823
-116.4960737	88.04190917
-104.1795542	88.77773827
-83.45101159	89.95373537
-53.53066176	-88.08452122
-38.35620631	-88.09075491
-31.59783741	89.97237704
-18.80777841	-86.0761675
-10.15589483	-84.16437674
-2.078100164	-84.99083058
3.63646597	-82.44661751
-0.595187593	-75.89977171
12.3942313	-68.62330011
10.14302535	-62.48946737
3.927679833	-60.42980004
-8.296061298	-71.76433384
-18.74193719	-82.06932516
-16.33580718	-88.47847944
-36.32423509	-85.83950003
-45.95835624	-86.79505348
-49.76242795	-88.01203794
-78.45350603	-89.22270366
-90.70094414	-85.50678659
-99.97373033	-85.92097317
-134.4040792	-89.45509846
-141.7602833	89.35307243
-156.5988493	88.04402349
-153.8802346	75.21565999
-164.6175019	84.31708974
-155.2331487	-85.60787369
-136.1378219	89.81335932
-125.8677251	88.30955103
-113.0933371	86.74059108
-104.9738095	84.32325097
-116.5116869	85.90631646
-144.8957878	79.48200212
-2.795670636	-83.8034329
3.366828864	89.23136093
1.991906236	80.30622938
-4.415137006	68.95727435
-12.88475798	60.23379411
-17.93198871	56.61818011
-29.87038613	89.05043959
-55.30002603	-84.94885769
-5.342550793	-87.5861571
-41.86809226	-76.42861175
-57.82493523	89.44117542
-98.54029472	-85.73239082
-115.7462407	-86.52424448
-133.7146315	-86.59124257
-155.1902959	-86.7084461
-170.3504494	88.88723295
173.8240091	-87.45723181
161.2435572	-86.43163048
140.2273519	-89.53315898
136.2591919	88.71182928
174.0736842	-89.49476524
170.9555974	83.29850477
-178.6335248	71.69733916
-174.8672438	62.2756573
-160.7208978	57.64737726
-125.3644136	48.53153437
-81.56412516	48.15060111
-52.42784348	35.84075384
-44.70408179	37.50431151
-2.01981185	58.02764863
0.062723035	82.23447844
-4.664207193	-89.31388025
26.3017437	88.98455365
35.73006773	-85.25311266
69.75126618	-83.73460038
79.96197201	89.62036687
111.3763246	87.79167807
126.2368104	88.41136772
147.5314036	87.2598208
126.3186317	-87.91189638
156.6611275	85.54819398
44.29482135	-78.28716762
4.882833041	-82.21973608
-1.191362939	-87.00582012
-14.35510238	-87.9951668
-43.94759037	-85.65252197
-74.18302726	-85.51917515
-105.0377911	81.00829948
-123.1307306	89.55180915
-127.0493315	-78.65972133
-128.6014223	-68.08510824
-155.3988161	-66.10978477
-165.8989942	-78.93641109
175.9158263	-77.13227338
-156.9400223	82.56845852
-155.8054322	75.11460956
177.9429854	-84.63784167
-171.6133178	-87.4410322
-162.9943418	-87.01650255
-145.5246263	-87.08838761
-152.7611273	-87.18224688
-160.1354268	-86.76810802
-170.8682156	-84.82855621
-139.6829175	-81.23139725
-135.3238357	-87.03941059
-119.5186113	-87.64358253
-105.9990105	-89.44079883
-114.9797761	-88.72598887
178.5387102	-87.76932092
169.9535364	-86.99757666
169.7673299	-85.14189286
147.4048396	-88.81935269
136.525634	-89.28403671
154.315955	-88.80739604
177.4101885	-83.6742303
-176.5403679	-84.78747554
-162.9220808	-83.67594151
174.6708778	-83.20507936
161.6400493	-86.88448685
-176.69757	-85.93450547
-156.9330442	-85.08109626
-178.7193491	-84.9811155
160.4426891	-89.16634802
162.4818102	-86.3556577
-172.6788307	-85.69855337
-179.4336471	-84.17619497
175.3816344	-89.14039178
-174.9680332	89.735063
-165.7345015	-87.47230887
174.952225	-87.88318411
-165.2720567	-89.89562467
-174.9629781	88.31558935
19.0297327	72.70816181
-5.642754515	-88.85466921
1.524184379	88.45942454
-6.450281925	-85.98554923
-13.02035056	85.38210634
-5.187872348	81.09678356
0.237444693	88.99139086
41.95431029	-85.42292361
65.04566973	-80.37283385
107.8274316	-81.22579428
120.1119859	-89.94877517
117.6108306	-76.28893829
-0.189509822	-68.77906448
-39.2364093	-68.39720373
-59.14647339	-84.34999678
-53.25972389	89.02245365
-46.51787678	-86.30526384
-52.02784984	88.099705
-86.68722621	-83.09060593
-93.39819471	-88.1043155
-131.1779411	-86.76274467
-153.9740143	-85.40103746
-168.1521178	-86.64286175
175.5984758	-85.39151269
174.4696463	-86.59330294
167.9289881	84.60924261
169.5436638	-86.51325375
179.6611389	-86.05134081
179.8285095	-77.55508058
-178.2197075	-89.12712144
174.3249318	-85.76996503
-169.4506219	89.37722453
163.5929145	-80.142342
-171.8735501	-89.30948678
-166.4796587	-88.76009862
-164.3351558	-81.93392738
-138.7301844	88.86452396
-134.6529473	-87.92547564
-165.7867666	88.71493186
-151.9315926	76.08885226
-154.8253363	74.91332479
-137.1871964	89.13051523
-146.8792479	85.86202069
176.5725491	-85.23782997
-166.2435677	-86.1367674
-162.8565536	89.66464585
-133.3248812	-84.58429905
-121.5920805	-87.62535453
-97.74838577	87.63179812
-97.92457975	-83.13675521
-56.73455978	88.88403355
-54.24224578	85.3070074
-53.70848269	-86.22888769
-5.977293897	-88.5585254
-3.153972652	88.94411067
-10.80278379	85.37486017
-17.42818826	78.2876271
-13.10508319	-89.02590552
-4.862499917	-87.80799516
24.4718169	-86.87259
24.60508006	89.13295456
12.84391237	81.23621892
5.755761495	76.56725685
-18.37593649	-85.37857474
-50.98935802	-87.35772767
-127.7383778	89.40544062
-158.2318632	80.40978112
-170.4354142	85.08498954
172.3667955	88.01955047
167.0282683	-84.75775273
166.9736351	-88.7607038
176.6507047	89.25022884
-175.7657509	-80.86465233
133.0263277	89.7914547
128.0776556	-89.4745765
139.7862936	-87.71916698
62.21380063	-76.49840924
45.42294789	-75.60973226
30.02616777	-75.47580192
68.97245426	-70.77523841
58.89047564	-72.09871449
47.25648811	-46.37227511
78.64564253	-39.80183372
114.6850912	-30.94984809
96.03880306	-31.17792149
103.8596463	-23.23909966
130.6799337	-79.56040003
123.7134317	-87.85484866
156.8082133	-85.10114528
170.519901	-79.95889786
-161.3044289	-83.59058616
-131.2078343	-75.71685706
-127.577075	-86.46626075
-132.5254241	-81.32946427
-157.4911083	-83.22682889
-175.2863913	-83.39447736
-176.3241424	-85.36514471
-170.5693266	-85.88599085
-0.21132562	-87.71714894
19.31224197	-75.04044083
20.12593507	-48.31785851
11.93232795	-46.29890648
60.41097793	-63.12700127
77.61963761	-75.41110434
59.51759076	84.60941545
44.27295424	72.02608703
-11.47684475	88.15498429
-33.08433901	-88.02487982
-37.23769314	76.641534
-60.53424101	85.91859472
-63.22491006	85.77388841
-58.38942056	-84.54582083
-94.31018374	89.51199924
-112.5368878	89.41952053
-19.08532263	-89.45943465
-0.107525432	85.95218831
5.430849939	78.42263253
-70.24162193	-89.88089527
-105.5484954	-89.87574873
-120.3906262	-86.80003067
-141.5275144	-87.27919589
-155.5235637	-89.76868606
-170.0813659	88.63354902
-88.53613893	-82.83492871
-79.23629643	-87.90788045
-51.45511872	-87.00539337
-37.48004139	-88.68228877
-119.0980794	89.71812843
153.2606432	-84.76442661
128.103938	-85.54974342
91.95656311	-80.35318579
84.16340953	-76.36951311
94.17243845	88.80991867
129.9804832	89.42591229
142.0889198	89.79913168
126.3921327	88.99929105
-177.5929737	-87.19829559
-141.8776547	-87.95174264
-108.8788233	-88.29753734
-82.99956363	-89.35127759
-71.73040459	77.48923491
-80.80403631	57.30610602
-94.67855332	54.84053879
-143.1013589	76.52292117
-158.1533359	83.31210199
-171.806305	-83.57948014
-157.4986138	-81.93019027
152.2092821	-73.03430786
116.3054867	-87.94295265
80.98641706	-85.08388775
121.9267239	-88.79725979
166.0338209	-86.942412
-171.8147133	-87.15778779
-146.3316604	-84.50846473
-130.689764	-81.79758022
-124.9748446	-86.37839833
-132.0584554	86.29825995
168.5686369	-81.25429122
155.979799	-69.30856005
169.1637973	-50.57722235
-170.8030405	-43.62054139
-151.0168889	-71.74514139
-142.1336655	-80.28160548
-134.5595261	-85.04448637
177.620372	-87.50103825
177.5395108	84.90069339
-165.3527426	-85.88861962
-137.1774738	-82.35451129
-128.8389977	-82.65674726
-119.9002044	-86.64166879
-101.3925208	-88.21542296
-159.379897	-85.67707554
-168.6060984	-87.08311966
-175.5256029	-89.86418515
179.7925523	88.20036121
163.0645516	-77.68041322
126.7728472	-74.84628274
103.3145563	-47.09119012
104.4929584	-34.58747969
103.0674711	-28.07656399
72.77691422	-84.53572153
88.42756341	88.98410309
104.9636034	-87.04922605
142.3998879	-84.31211267
161.6413892	-85.32862212
177.9184757	-85.56054309
-172.7326062	-86.7838565
-139.531961	-86.14330445
-107.6301609	-85.04546102
-78.25695446	-86.38131407
-69.97928998	-88.2621399
-31.08842998	-87.71907691
-7.060487618	-86.7121687
-67.71005589	-86.02586568
-67.37182193	-87.31916828
-68.32392993	-87.78262967
-88.27560506	-84.72921271
-94.04735563	-87.89648315
-122.4028055	-85.29967794
-152.8688644	-87.1797286
-149.9341254	82.88675109
-156.7834181	78.65385745
-169.5883626	80.59618183
-173.526994	-85.76891053
147.7348737	-87.22386448
164.6619517	-73.55534349
163.6571189	-63.73510585
-169.2472232	-76.8745414
-162.4408542	-84.45814187
-146.4083571	-73.92862973
-140.3457147	-82.06020455
-137.8690917	88.43539094
-136.2277174	-85.32069301
4.595883715	76.36951162
-10.97465205	-88.95667282
-26.88784715	-82.68858695
-40.96288892	-74.07655771
-52.86697422	-78.4332004
-57.16573066	-83.33594995
-60.37628406	88.49107292
-54.08315173	-86.07189792
-54.7357811	89.60229677
-8.858192474	-87.85789577
-3.173474133	-87.89636395
20.58020683	-80.08740882
26.55595462	-78.49098179
47.63857537	-77.72115284
66.9533801	-76.98355051
89.2086729	-80.4686228
118.2485818	-83.8799618
147.5498611	-85.72555714
145.2821395	89.22266377
168.5068748	88.50006516
-173.3894337	-88.23363981
-174.3209793	89.91724057
179.0144913	-88.29715319
172.7069766	-86.94421691
136.4411933	-49.60604824
154.2190875	69.96203165
150.2763138	61.90307399
135.2864801	81.56666341
140.8146371	86.38698248
151.0766128	88.5539799
-176.2514348	-88.26460476
-166.9162003	-86.20241146
-172.7865882	-86.37609109
174.3082137	-87.76478332
145.8878923	-88.97647806
-164.5500986	-87.38836587
-155.1167681	-88.63453468
-140.2700638	-87.91562099
-131.9591219	-87.47502037
-111.5421368	-86.97090551
-100.2516982	-87.78540002
-77.13403707	-89.96874613
-58.44799255	-85.17223807
-50.56595805	-86.33689531
-48.33150384	-87.98424213
170.9963266	-89.25284791
162.1137261	-89.43615464
154.076389	85.53175331
159.8326896	-79.59245964
-172.1593707	-88.39899277
-162.7398039	-86.85967569
-142.7202387	-87.38832076
-127.2359281	-86.74675072
-112.9393342	-89.49773304
-100.7756542	84.59717665
-104.6215871	85.8535716
-178.187293	-88.60705321
165.0465123	86.35385855
130.1154664	88.19504091
99.12733297	89.31092704
68.67353758	-87.91970503
34.93573559	-86.88693327
20.28525971	-82.72196448
-11.17627148	-82.79690385
-25.73838335	-87.00106393
-46.63257147	-80.97270783
-52.13197168	-89.57249095
-54.46061614	78.86237873
-45.95066166	-73.73128784
-45.72324543	-63.1799158
-24.78524961	-64.46455374
-7.731805565	-81.35576831
0.651501252	-87.64756069
33.74165219	-86.11245132
50.97157621	-87.15882347
68.32244439	-82.03922375
77.12146167	73.73280487
94.71101134	83.71827778
109.6078512	-81.87169412
124.5921268	-79.28979413
139.8517474	-84.68403495
154.1303109	-82.56366449
174.5423724	-81.91638397
174.2701846	-82.57466228
154.0360053	-79.99049661
148.5485642	-77.30652988
144.0598399	-78.11665195
150.413588	-79.06536151
167.3930678	-76.99846329
-170.4703148	-83.48991778
-148.4318068	-80.1794191
-139.1971086	-84.6555744
-114.7667129	-84.24612385
-141.5144889	-79.59061299
-158.6884041	-76.59996702
-173.4927807	-84.48379923
152.652553	-87.85540362
127.3938051	-74.96939573
91.4430079	-85.64275859
34.70154894	-86.98242269
2.092628021	-84.66367514
-23.00870224	-89.32903737
-16.94664263	-87.55836933
-56.74224519	-89.8486612
-0.146999558	73.77231667
-7.829839506	88.03087191
-22.11295289	-85.67739979
-39.86747382	-76.54940199
-53.14334976	-80.58186541
-61.18086752	-78.26963358
-60.57197123	-85.25300327
-59.32525692	88.73945815
-50.45903397	-85.32839081
-68.27482969	-85.4987261
-63.12551349	-85.75378867
-72.82033982	-83.93163024
-80.52561362	-81.38807852
-101.3182938	-80.51234189
-109.6792039	-83.07883873
-93.61898351	-79.44479195
-100.9092949	-73.08516787
-103.9246654	-72.53631666
-102.2378086	-71.86903577
-103.6935959	-79.40799047
-117.8061302	-80.51917225
-109.0075896	-82.72007433
-94.5986293	-79.55969084
-117.9919391	-65.550259
-113.2235165	-76.9539351
-108.2499482	-76.77947419
-119.5002904	-75.10283548
-127.66836	-78.3577879
-132.7042667	-82.74471225
-132.9964702	-85.03559193
-138.9723419	-82.1780064
-148.3196619	-72.40518946
-139.2549288	-77.98743981
-147.21854	-70.16092023
-138.3858988	-76.46600742
-134.2671544	-83.81183727