-2.681073695	-86.7001946
12.37743226	-87.4969968
-2.875862604	-79.96552639
2.771074042	-72.12641121
10.69389086	-66.17182867
14.01600011	-64.25391741
16.45817552	-34.65392184
9.416152679	-34.01660224
19.01891482	-32.50019947
18.52336937	-64.16364243
15.65587029	-66.86033537
0.068246244	-67.3891631
-11.0234782	-72.51301751
-22.23280499	88.01293274
-59.1961703	59.83747321
-90.01103129	66.93661328
-93.06163435	68.56118061
-107.6023561	65.6610954
-125.3041439	59.48551102
-146.7066759	55.16438077
-148.987928	56.15184608
-161.697408	58.60924491
-140.4330223	56.20404388
-94.34384522	60.15175606
-90.62545928	63.96740785
-82.00387972	59.16795111
-102.4731472	70.69865434
-125.1505093	73.38316613
-94.42872245	68.27589769
-91.08858101	64.96728932
-95.89643646	68.23626892
-108.2651435	63.88293682
-166.8864856	60.81319925
-175.1327442	62.30478069
169.8405127	65.5234839
-146.1530537	71.78448176
-139.9648083	71.30608999
-139.3435239	72.43620711
-128.9704023	73.13742605
-134.9128125	71.67984015
-151.7165708	71.59485512
-167.0311612	71.73486445
-140.4835496	73.78500927
-170.1086138	73.42781823
171.382088	76.81522937
161.0763266	82.17924371
148.8642625	-88.26362408
137.1934082	-81.98478558
122.6154781	-72.55105894
93.11928053	-57.17266273
-173.5692469	75.19781249
174.9573305	75.41582848
-163.4104474	67.93774158
-137.1211249	66.79919887
2.103847039	-87.32209461
-0.343664464	87.88318648
13.70521385	-78.5076822
8.732098633	-60.66637697
2.09340049	-40.16876021
3.0937687	-31.75138272
-7.690535807	-28.14104582
-21.74928652	-33.13748943
-34.17947723	-28.11085937
-75.72975276	-25.51255872
-98.22939831	-25.42125077
-95.61806701	-25.52230203
-104.9808797	-25.41094768
-109.893621	-27.14495167
-133.1721127	-24.86432549
-139.0027902	-22.37714225
-47.51707584	-17.04413046
-10.64966275	-16.58537783
12.09044822	-23.13717463
-1.513846646	-26.92125519
14.48784509	-29.04030183
47.69883689	-39.19611875
74.33590603	-43.26237492
88.18891975	-50.44902537
93.31306337	-58.53328058
106.5102584	-66.77663706
115.7362851	-85.78243331
120.6334868	82.84492545
125.8412925	71.47808326
132.0501527	63.8833085
129.9366385	53.78135762
124.4473919	38.8904935
115.2003018	33.7876654
94.55153727	25.66901073
121.9158137	4.80416979
178.9237889	2.993856935
83.50435276	21.31828829
8.395463462	10.68346147
-2.35770631	18.87091515
-10.35501965	22.75122623
-38.01460271	30.70482471
-61.8601908	40.22846874
-92.87583638	44.11055941
-109.101669	44.65540636
-119.4389616	41.2666575
-114.2202294	61.6546437
-123.2208661	86.72116614
-143.3039805	82.8196095
-159.1910109	79.57363753
-172.4030274	81.38257485
179.4607443	85.20516652
157.9776364	88.33597818
175.8660373	87.4622434
178.3483606	83.72850717
170.6227491	86.91222189
178.5966313	-85.5445553
149.2143077	80.49388514
170.7037795	-76.6990667
168.8474558	83.57342157
170.7701489	71.12711984
-159.1181934	69.31987732
-146.9052912	76.31505259
-129.0164419	75.11475857
-111.3116009	77.91900762
-144.5585105	80.13831926
-165.7255984	77.93328583
142.2334988	81.15759735
107.13711	81.74735726
83.02406461	80.1324432
60.89916137	72.73404945
27.1175819	81.81112576
12.28788915	-76.04328734
26.84257812	-56.74291968
21.97516988	-52.38456918
8.931346667	-27.84507196
16.03977807	-45.72161708
89.35628968	-20.45364895
117.0705113	-25.24458151
142.3109742	-24.49254936
156.1412551	-28.99573642
-178.5518603	-21.87120315
-174.2623316	-38.74129395
-123.1208222	-41.55756846
-121.9193885	-39.93566475
-100.8579568	-41.51067736
-92.56959501	-74.43229928
-105.4037758	-89.60075468
-104.1645444	83.03832966
-100.1930267	76.3131935
-132.9974672	-86.74907759
-133.9951626	86.96465151
-162.5941106	-86.11908371
165.9264482	88.79957369
133.1081356	81.39166423
119.5756259	71.75265555
98.68658605	61.93856963
108.0226131	86.58777086
99.58101965	64.55131462
-161.4611847	79.0591901
-163.4422049	80.2232956
-129.2543872	76.62888159
-88.13611745	73.03663488
-74.72253152	75.47163412
-48.25179924	78.47441291
-34.01672714	80.9273361
1.804401678	-83.69031673
11.57428824	-84.18208669
13.18869193	-75.2376679
15.52524983	-65.81820177
11.09690582	-62.28137431
11.38747198	-56.91984365
-2.260124965	-49.17654493
2.981928917	-33.75540759
7.480473239	-24.31481719
-4.079519282	-24.10077922
3.347511253	-24.71448047
-8.362885516	-30.28090149
-12.99283502	-35.84538043
-3.31820804	-34.47293506
2.345438043	-42.45567697
9.6855869	-45.6641331
17.77119235	-33.31805
23.04563843	-28.71472952
17.87956408	-52.28549813
-5.224657815	-50.94118914
-20.79339035	-52.22677232
19.13035045	-33.52433375
24.92728612	-27.24153045
18.86751539	-25.66985859
7.851422339	-25.41073999
-2.008613658	-29.69645881
12.60106261	-24.80574531
32.78796804	-18.44322432
15.99530596	-42.10922286
-34.26909423	-85.25905255
-26.64977294	86.685929
-79.72091592	77.31813602
-96.84782317	76.63728288
-111.8939915	77.45015603
-138.0668739	80.14517948
-158.3235326	80.03530043
-168.029336	79.21444202
-173.7538201	84.18782676
-168.3548251	86.02625521
-160.889201	88.13376322
-178.3049961	85.98944608
-176.3989436	85.95143697
176.9806224	85.20948005
-9.285139177	-35.31984295
-4.453995488	-50.11144106
-108.3890124	88.09849344
-89.84994081	89.13305883
-80.60942124	74.69405922
-63.92311568	-79.60676814
-41.67996172	-63.62658812
-10.39518264	-74.13607709
-7.05860866	-74.3348484
10.52733443	-71.65293521
21.88378092	-65.14817158
26.96323289	-67.91671608
42.17308027	-77.29293694
44.54534105	85.89022036
58.25569223	67.5770506
58.45488141	53.72189076
58.89425562	46.18162585
68.20980702	30.82481435
71.39651195	8.317106618
123.2897802	18.1904234
118.0286536	27.35947931
149.8971441	31.49390885
149.3255038	41.39887161
133.937818	66.54603098
135.8193147	73.17597769
118.1451737	-73.89327665
112.6188287	-61.66197352
99.81370961	-50.72429526
126.0512517	-57.95383062
102.2593281	-61.62096541
69.20932803	-86.32951026
66.79043726	82.6222502
65.0153653	63.60336563
64.27803411	62.00076112
43.38657753	65.68988048
10.54600909	66.5526583
-11.51251805	79.43549769
-9.935194535	-77.9320028
-19.56616817	-69.84235646
-23.55189212	-60.73276613
-23.92847101	-53.94622399
-7.727553176	-44.60965424
-3.43534885	-31.8074886
-20.13337671	-24.99764057
-5.271005734	-47.76690842
-9.06995491	-29.45650509
-2.407823448	-89.50338178
-7.184547855	-89.7026962
13.80741354	-89.46517006
20.26697871	-85.47636873
12.77149022	-75.8423063
13.49892372	-65.94557128
12.7438318	-32.91505063
6.167038006	-21.95937794
26.41981119	-46.05701307
-68.30065738	-80.25801818
-90.11827693	-88.56561806
-92.1065682	87.58865602
-166.3934383	80.23204126
-178.2998965	80.38361061
-92.4819041	79.83324874
-76.89979298	-89.76878911
-70.63055744	-88.31504827
-72.69946549	-84.2177418
-55.67611799	-80.77993939
-40.26414576	-67.06134809
-0.411524098	-52.59830273
13.08791799	-47.52312303
-8.545149159	-57.96569232
-68.24212805	-73.30910361
-80.24444947	-75.09294031
-112.1599435	-81.37445218
-172.3926992	-88.13476901
163.4243852	-84.11571424
148.4444343	-81.45335638
-104.9930616	-74.76072109
18.3681934	-45.02967179
4.745102518	-46.91990035
93.55329314	-75.16225363
21.80738886	-28.00808415
6.195181263	-27.67504255
-5.830079149	-30.28651007
5.276864978	-29.77686451
-10.17143339	-31.87992147
-13.90764756	-32.99626177
0.221660192	-31.5075661
22.40895472	-31.14355104
-11.16971385	-32.80120987
167.7033179	-89.11443688
170.3393413	87.77114317
-179.5955365	75.19862755
-170.5422912	80.32005654
-153.2919583	80.24410799
-145.8496277	77.49662465
-138.5415217	74.99412559
-128.777772	72.92076676
-114.2555232	71.77096224
-106.0128718	73.35236321
-106.0614828	80.17033226
-99.02723097	74.10651447
-109.0218465	76.86469885
-94.07002675	70.28345565
-98.34192177	70.57583604
-111.343506	77.35503006
-105.8523048	73.21309824
-81.57528315	66.12470991
-74.8886111	66.34444949
-71.46800501	73.88432368
-67.74193775	76.45845087
-144.1395429	82.43012659
-158.6807363	80.35682383
-154.8029179	81.11471331
-146.8507603	81.22912429
-145.3544963	87.47568167
-126.1812903	74.51280094
-112.0335876	67.4539015
-109.5755422	65.28300772
-89.1947535	75.20461694
-70.54013396	80.14913779
-41.76867403	78.1501494
-20.0453229	80.46221002
-9.073176045	86.4376896
-1.860004429	-89.22084406
-22.72689775	77.32357713
-35.33462768	67.53553037
-61.76551243	68.26267948
-88.52786476	66.58922676
-112.4647871	71.51975291
-136.5834457	75.84712284
-175.5757282	73.65180966
166.3349341	81.53310433
132.0097637	79.89400899
137.7742193	80.35547136
177.2738317	77.91917689
1.118645717	-86.44665965
8.956686709	86.52794353
18.5317453	83.56838989
12.70946695	-79.92874058
15.01483898	-73.80648362
14.04415904	-68.50165659
9.875833669	-59.8456679
12.86035829	-60.12040477
-5.281709243	-28.17369335
-22.82164032	-37.47785539
-7.290263038	-27.30914798
-2.450653272	-21.47901316
24.24382934	-58.43672713
19.97626726	-58.4080522
21.98361861	-87.68571163
14.67436581	-86.03136546
5.197206419	89.81517123
0.557948837	89.99219388
2.681886459	-87.46886798
-20.33098157	80.98643428
-29.08452219	73.84444688
-34.51190776	64.29383859
-42.79339528	58.9013856
-52.13578546	57.35504844
-67.37098759	65.10036754
-72.56052988	75.40689409
-70.68095716	79.36813001
-82.81917561	81.34998838
-102.1529013	78.38030204
-104.7370574	73.0878196
-87.08290713	73.58298176
-83.04684775	75.22724349
-67.65246937	75.77618505
-48.02081479	77.4392629
-25.04580188	82.15209344
-4.782277047	85.94857239
6.512346785	84.5730658
18.44746581	83.53279725
39.18847674	79.89273831
58.89621268	78.93653667
70.10744204	80.98543488
86.82502772	81.36042497
126.6200299	80.46665697
137.9090058	83.97242944
139.4644874	-84.85494018
128.3349939	-45.73723509
159.2533376	66.50664808
172.9593146	74.98388927
172.8050402	77.22506831
173.1245122	74.4659644
162.9170385	72.02234941
171.9797075	71.16212593
155.1836551	67.57831021
177.4032696	-89.17136209
167.7622134	88.00850508
158.3417695	80.40182076
157.1687547	64.92010094
131.9904464	71.82775535
122.734119	68.58861831
112.9780538	81.53116969
111.8733951	71.48961337
91.12017102	75.42242604
80.06423876	76.15848921
98.44665435	62.9363986
74.36052018	67.10244475
58.51846233	78.18171731
56.15507417	70.70838872
59.24920296	84.58321205
29.43173934	81.04056259
10.18382131	87.842453
19.88877929	-66.50707036
24.00986415	-59.4244939
10.04847762	-52.16817687
-3.020003484	-50.85074485
-2.183831121	-47.84655896
-21.74947952	-38.94365554
21.16393878	-32.09019901
31.43751431	-29.82354172
11.17825808	-44.18397988
21.51365962	-44.45362635
65.42820115	-32.978108
96.25373974	-26.5833213
117.9246177	-30.02634886
130.3978449	-34.66524206
145.4041927	-37.11662649
177.6387638	-43.35559651
144.1349461	-47.82947516
-166.3160329	-40.12020452
-179.0069309	-65.84720542
171.2125627	-78.65076674
-169.7982283	-84.49963158
-166.1802393	88.37696624
-167.0801493	80.00082931
-162.043768	76.51177367
-153.2298281	74.20164963
166.9337473	62.64868027
-169.9571576	71.38243637
167.6450082	55.54979775
154.6017616	55.36522723
-179.7142418	67.4082275
-173.5247433	62.05242182
129.202304	54.70123995
111.7649831	51.60215274
2.288828146	-88.30350533
12.32524543	-81.00958775
10.53213118	-77.02379422
10.18368347	-71.24596928
85.85288323	89.5738905
100.4320451	77.29297693
155.4863758	89.11805718
-175.6421976	78.69216621
79.67363389	77.59447874
57.72177608	80.18684694
30.92099412	82.38480118
15.57560332	82.72562585
2.203586646	-87.08277468
-12.09342833	-70.27335961
-24.52861519	-67.07924387
-47.48149445	-79.49316316
-67.6773099	87.67117548
-122.1634804	80.01310242
-142.6422419	78.2496927
162.3224316	84.57483686
-163.2608807	85.27999257
-113.6996973	85.61996414
-84.58948042	86.35630748
-54.91310614	48.72349411
179.739962	-86.05006874
-160.01981	-89.61923063
-151.0001802	88.07032067
-140.2995635	86.25779944
-128.230994	83.87550495
-120.3353876	77.46991821
-137.2042776	75.84230839
-149.1579775	76.79691413
-134.8883236	75.80251149
-116.6013097	75.52655923
-105.7479881	74.70669288
-94.61575222	71.38647188
-99.67987457	66.46719923
-71.75097221	73.46708088
-65.88069168	77.07668621
-57.79400318	79.74616824
-67.8401164	85.1288075
-80.34376227	85.5506324
-120.0949799	75.31129075
-133.5512302	75.10218888
-148.1708284	74.66285858
-123.5350113	70.00904008
-142.3753665	69.14417112
-151.2890327	69.3700874
-167.2360511	72.90151622
-147.4346648	69.44790996
-146.075672	74.13536273
-153.7853591	81.67159553
-166.3540868	84.6103099
-174.2815618	85.75642712
-179.3296207	80.33273882
169.3983377	81.23364577
147.8997508	89.23734579
136.7955968	-89.50083517
125.3020863	-88.87994691
106.0948547	74.82376203
104.9198032	43.23420215
110.1761615	41.35448211
102.2490992	43.10060905
100.570646	-60.22351225
100.5781765	-51.5391372
99.06222516	-47.54320841
96.89485349	-41.7826958
88.16567771	-27.45309521
90.43327881	-24.97622974
34.69637964	-44.13845903
12.99735405	-39.23576073
9.299024883	-37.01091695
0.612658567	-45.4067564
-6.654754737	-46.03857208
-13.90648822	-45.17978187
-14.26155751	-42.63526345
-4.076804869	-48.43988505
-19.37208293	-30.23152987
-10.71508087	-29.95210951
-5.692104718	-51.46403401
-2.229696642	-84.16193244
10.50564232	89.41439764
5.121368562	-70.00048556
-15.48951752	-77.95998714
10.99945654	-66.09315796
2.32079344	-54.78111637
-11.47641443	-31.54803697
8.78350191	-28.59326838
-17.83321239	-32.33954911
2.674053623	-26.38356683
17.3043335	-30.30001952
3.285324102	-27.02336399
-2.736827169	-26.2907804
-6.688511222	-34.33618994
0.519700922	-29.25391902
-4.072649588	-35.30495031
1.428329036	-41.33910713
-8.889541356	-47.96576812
-8.961045229	-57.20224667
8.357348023	-31.85119874
19.59856989	-30.39799107
31.12876931	-55.40542663
15.98119846	-31.78530741
10.4225616	-35.00331432
19.28798451	-24.02538719
38.11728474	-22.89192589
81.55585798	-74.66867573
166.6148433	-57.50876133
159.6462223	-40.74154577
177.9721259	-60.1777938
-171.0237257	-89.69080384
-170.8423982	80.54624924
-156.6256014	73.07137772
-136.42407	69.96889941
-122.4392194	70.01050877
-97.07672743	73.72991364
-89.15629121	78.07892181
176.2170224	80.93647216
171.3339017	83.45584569
168.0090538	83.52662501
-171.3585735	79.16837865
161.8178266	82.66467816
-169.0385759	77.77470792
-162.8017503	78.47048954
-171.2973392	77.40736006
-158.9866903	82.28569529
-178.2793906	81.75451159
172.1950987	83.35687951
164.7451299	81.84863544
170.9033198	77.90686048
163.5611469	80.11633464
162.3436042	78.26155708
-176.9350873	-88.38216587
157.5782208	76.62438169
-178.5492102	57.17296649
-149.7586817	78.13751722
-146.6025031	80.95572847
-160.0306085	75.56777859
-163.4106255	56.35237368
-171.7525676	54.93510745
-145.6445279	75.5949306
-159.8386662	-73.17765602
-155.4181071	-58.78746577
-121.9593241	75.11938019
-147.5100419	63.11904517
-110.9942084	49.42148983
-62.26824296	72.43854442
-52.58657524	75.79563753
-13.21450705	-74.79987055
-13.58520847	-63.37461738
2.872146243	-55.0257881
29.09637887	-53.595336
24.19309232	-48.04536823
2.355802402	-46.0919026
19.4177558	-48.23849583
-3.041570904	-30.76666526
7.654228474	-21.44574613
10.97815449	-42.78393991
4.42317223	-22.12640535
-1.666341925	-45.63785171
-19.9730666	-52.66961566
-19.45738162	-79.87684506
-119.7748829	66.43958928
-147.4841732	80.0313359
-173.3047809	76.85186331
142.5108802	-87.95509001
125.5639832	-79.86914746
107.9472435	-50.99587282
81.44996964	-36.79189152
45.15898115	-30.29156694
-1.980198706	-26.20086312
-9.235075635	-45.71556993
-16.9891526	-57.88323924
-9.734373841	-62.96926094
-4.045564405	-53.11147222
-8.000329189	-47.61422511
177.5170026	87.99857272
178.4336991	81.62328239
-150.0755132	83.47270449
-142.2164097	81.92824807
-131.7751491	78.90942835
-144.1162546	76.67643777
-119.4264246	77.66789599
-108.1183326	77.50675522
-109.1127336	70.41517178
-108.2794304	76.33732107
-118.7215705	71.91736069
-125.8278581	69.15937474
-134.4072011	66.30349837
-145.7191186	67.52137855
-153.3551054	69.13857432
-137.2355368	67.43352884
-122.562097	64.31959369
-91.71915521	67.35497039
-77.69774727	67.50544445
-63.43318703	72.90855034
-48.55999124	80.94648619
-23.2237103	89.69829649
-21.53942526	-80.63595158
-13.50272206	-65.37730679
1.46669218	-56.3124446
19.45249623	-45.46026453
24.89358067	-44.15197642
13.87523374	-39.7431498
1.52449211	-24.95858692
-6.566069844	-25.43474974
12.62300697	-45.13934714
17.99128081	-49.14431142
-45.36885246	67.74180678
-67.0878317	68.3683129
-76.12146829	74.21120662
-94.08210863	76.66800341
-136.050734	75.39774714
-161.6848348	73.29674528
173.7151613	79.22766329
164.7777731	83.63691031
159.447714	85.93847467
164.0126207	86.02152162
150.7783959	79.49187025
164.2037387	81.11569181
172.7459629	82.20283394
154.3031829	68.29963467
149.7034485	61.66320709
139.0479305	62.73381038
128.6262235	57.725425
128.2797973	49.84644246
127.9738743	43.01127848
143.4318612	38.11410461
154.3406564	-89.71296905
148.3967155	-66.9172417
129.4415558	-53.96365334
124.1592988	-38.33137738
128.5541766	-29.71833352
-177.9093927	-74.11255205
164.7919141	84.08508188
171.9620254	79.45647569
163.7896409	78.57789943
167.6058765	78.93661077
-1.429380138	-86.27741078
15.8921539	-87.10495979
8.221552705	-88.41520597
18.60822334	81.57922318
5.53065085	-82.44478025
18.80272987	-85.50117008
0.368102465	-82.23461579
15.71244714	-84.14104594
20.24410308	-86.80802372
3.173031831	61.43531792
-0.027486709	56.52551537
14.95133973	84.22168428
-0.232939712	51.64444671
2.019860718	-75.90272365
15.76939237	84.80160075
19.02348919	-86.54817527
6.108453225	-72.27994011
5.673495259	-70.58056966
23.22483552	-75.58813728
25.50289033	-81.98959319
28.71218933	-83.59268416
16.16409373	-83.23662525
5.813215628	-72.53008851
-6.966391367	-66.10196931
12.71495829	86.18871272
6.058512212	73.01271797
5.703352325	77.20830142
-2.771458534	68.96217246
-2.471291042	-79.51375719
0.09214085	-73.26840472
18.27675815	-84.21773608
-24.93040988	84.73439906
-15.2789257	-78.08449244
-5.131018898	-61.87053419
-1.189233355	-58.07037669
-58.63587189	-88.50474681
-26.40665202	-75.68470392
-7.871557181	-74.32571597
2.800120365	-64.38871352
-8.108128769	-74.61332502
-4.823967613	-67.46561567
-1.618732918	-65.69789329
-6.428430627	-74.53998621
-14.9229626	-88.32441524
-176.4152613	-86.1861985
-178.432912	81.03302192
-171.1218697	64.64632521
-163.3385554	54.51647488
-149.9335633	87.88639278
-150.5391191	-43.68838094
-135.654991	-46.91646572
-119.9026532	-60.6467173
-116.9384241	-80.08550198
-116.2258049	85.00923091
-114.4466411	76.34798677
-127.0952157	73.14859379
-138.5469483	73.107658
-148.8417575	75.34212689
-153.706915	74.87028853
-121.3096664	68.95955793
-103.1985483	69.21705746
-87.017044	69.90016022
-75.75104934	67.09523665
-63.38310897	73.0125972
-57.14909784	74.49444202
-49.21082866	71.50990409
-57.66271581	68.87721996
-48.73704553	65.58958822
-29.83816548	64.86077461
-26.15779968	-76.43500585
-13.74669026	-75.31615936
-17.87386264	-62.9933316
-14.94791311	-55.28361013
6.995651718	-51.20663654
22.78449415	-47.99697515
15.62563886	-42.22420021
15.75773243	-32.5069202
12.35195115	-27.93453402
18.79644106	-21.10060682
4.367092045	-19.8630107
15.89182962	-41.26028289
-8.150013837	-51.39448067
-18.85997278	-59.33495215
-55.23662298	-81.7592764
-75.61033238	79.14980575
-89.5411884	73.98188846
-109.2771918	73.8391321
-126.9250154	81.09360228
-138.5253087	88.18416182
-164.4558075	84.72091997
-178.7063728	84.52333116
178.4685475	76.21471538
179.4423203	68.04082129
-178.054027	54.40985483
175.1887209	47.21880284
175.9116401	73.19732267
169.2264796	75.14122897
-1.919062668	-85.22748993
4.94183247	89.65310536
7.344111411	-77.52465578
4.81703842	-70.06428721
-8.588521332	-75.56589759
-3.03236387	-41.24238177
-2.987010123	-27.23196211
-2.349194577	-25.70883961
-19.00767654	-32.45510774
-5.602801969	-54.55226451
18.82535334	-59.62669877
23.05131921	-55.73795315
4.959108335	-62.56470555
-8.034597681	-67.65594275
-11.61179821	-76.86203429
-65.70987388	-88.93048986
-76.19375679	82.20266924
-88.12887013	74.5360191
-100.0173662	68.61489849
-79.61381837	70.9590202
-142.6737534	66.37365103
-155.9902554	70.606191
-165.8836371	69.49677941
-144.4174111	73.93256627
-117.6385037	69.80070932
-113.3186804	63.05308744
-90.48261807	63.86254906
-83.70187763	64.85093413
-75.5470597	72.3914309
-89.12853617	66.61963153
-99.44706316	65.48934009
-76.35101807	71.65591928
-14.62462839	84.33443792
-4.847177788	89.42301614
49.44411637	-85.3543735
143.4872345	-53.02426771
143.6523492	-42.11325481
130.0285448	-33.98545331
103.7312545	-33.24603208
14.61961855	-34.73196689
1.632810721	-33.81795879
3.755236628	-27.35188081
-3.468766382	-24.99078154
-27.13350735	-31.42603784
-93.32834832	-88.22819378
-106.3634306	81.37497891
-125.1779145	81.69995896
-141.9817082	79.28526796
-157.2396943	78.65240236
-171.7911936	78.7893117
-151.9339008	81.70472271
-168.5074627	77.25735798
-174.3370775	71.82066127
-173.3890212	68.56785102
-177.3854514	78.45358686
177.1121371	83.86464515
172.3197213	80.21390952
-172.7956026	70.78761826
170.0936444	78.45394929
179.6111171	-87.17611222
177.1441342	88.88246388
176.6654969	76.76396941
-157.3680527	84.3983171
-151.5337431	83.25013572
-141.69228	79.48444941
-127.8764688	77.88560886
-118.2195755	77.71949994
-148.9861997	79.60793113
-102.6196689	78.80811732
-93.64711801	78.18133755
-108.1958331	72.49925307
-92.76493267	78.33757758
-150.8730225	76.63897312
-155.3475004	72.29464053
-162.9307052	65.45013302
-170.0578525	59.96052067
-154.1869498	71.88426022
-143.5226081	79.99400919
136.0423276	80.55962501
130.6561633	81.90126452
-173.4951726	81.54844676
-171.7956475	78.72788766
-151.3904017	79.5238456
-140.6162944	82.63800098
-142.8716559	-80.55141762
-126.0275749	81.52433271
-106.9502377	79.50527241
-102.5210992	73.38508915
-99.78120129	70.65386942
-91.23692565	71.85325033
-82.74437646	74.75609613
-79.86243958	72.13871391
-82.74690425	66.63398583
-112.3217459	58.36628674
-114.8564358	52.59881604
-126.3464185	50.14012911
-114.9124912	82.33154278
-163.8604672	86.99128406
-172.4216819	83.74460828
-130.9271901	-89.13665564
-130.371738	-81.64694082
-133.0860992	81.54275019
-136.3760379	73.95851251
-146.6575971	70.4938639
-164.396102	72.78950883
-176.9397664	69.77432695
170.5512826	87.84636187
179.9596071	83.07266972
169.9781715	82.22526518
162.9915946	79.87174345
4.969060578	-88.96632363
-14.03199983	-80.12564166
4.055156439	-76.05533044
23.13498083	-74.32611417
27.13027743	-63.398767
25.89957652	-56.7464005
25.5792706	-72.66715842
18.88949664	87.9922247
23.14988702	72.28304241
61.34875816	66.26949018
74.6752356	57.19161799
95.07466718	53.4334655
170.6202077	-62.00345525
167.4008814	-74.10311277
177.4687246	-86.22076635
-172.2154531	84.10660522
-155.6574564	75.12599475
-148.4698304	70.16327441
-131.3179358	65.4713272
-113.5974616	61.6581546
-92.96869128	61.6680153
-81.46049705	65.27887872
-71.95229866	62.892519
-60.26093439	65.33475173
-54.13747139	69.53027718
-79.19421848	71.43408139
-104.2998514	67.45963521
-123.7162877	67.97588033
-149.3069694	72.04752526
-171.3606229	78.40547515
178.7578411	77.84716989
-161.3382924	70.07976141
-140.7974351	67.98742216
-126.4133119	64.86022431
-107.4100845	67.27114798
-84.94643852	70.49225048
-82.15496121	72.63287743
-87.0955421	67.23176501
-98.43096465	68.0439265
-108.2790124	73.81215013
-126.2032377	73.94018206
-147.7550472	77.38360181
-167.4782393	77.2713591
-175.1957193	74.90745515
-165.7511486	78.47103522
175.5177955	82.19426441
166.8429258	84.04228446
174.5830276	80.06078519
177.2720911	-85.95677085
-172.7874362	82.05642919
-169.7425284	58.55313009
-169.8582062	58.96555488
-170.4462481	47.28049008
-168.7470025	40.15919296
-170.4314063	41.0348887
-176.6977283	50.50641936
164.2319886	48.60559132
157.5674291	59.57017248
159.0789176	80.55349702
163.8292562	83.00210228
-152.625543	75.53018363
-147.0238718	71.0501726
-140.1420005	68.60079249
-134.2592937	66.93266225
-121.7779176	67.47379661
-111.0544629	69.22348248
-100.8533297	73.05052646
-93.10353208	75.65099501
-85.84721476	76.80506778
-73.28215814	73.72663681
-62.20041358	78.47007631
-53.24571092	77.5470335
-41.60694684	77.81498054
-29.23050237	85.8822863
-19.64405689	84.39736588
-8.50259562	83.96081833
-1.173479868	88.55571394
-3.045649818	-87.40730901
-7.332744827	-72.85807021
-10.90974606	-57.77346145
-4.739490564	-49.42842253
-2.993092346	-43.30560208
5.48614545	-36.64999025
-2.61657637	-30.69904612
12.83404835	-36.18608245
-7.597465296	-23.96624387
-22.79716616	-21.59190699
-20.97796689	-29.22920641
-13.34261996	-25.2179002
-7.800293273	-22.29536869
-18.91572192	-24.33369228
-4.693188233	-30.69615168
0.036926598	-45.14150225
0.333154926	-57.65891929
-4.899628777	-67.10992421
-3.983090442	-77.39372113
-3.939638762	86.0411046
-1.000981154	69.23757293
4.324750508	61.852907
18.37218604	57.6384819
24.47488906	55.89513679
43.39657882	66.07548773
56.05801141	66.98867442
59.20967287	75.85657601
-179.7364641	-85.99296266
-165.7128261	87.98563239
-150.6649782	82.96182662
-142.5525743	81.48628694
-134.7644991	79.6830758
-123.6716465	76.92554038
-126.8757028	78.77992351
-145.8744856	78.31831987
-155.4839008	75.16382365
174.0742548	82.00859954
146.0065567	84.38830103
124.7741851	84.38002608
100.2690628	83.75411544
84.72197239	-88.60308557
65.63906767	86.88208904
42.33708784	84.21221547
22.75179341	83.05380526
7.67423815	83.71008151
12.80253279	-74.5302767
13.46636392	-66.30948608
23.76260572	-57.95675725
26.02458914	-53.40912648
6.986813059	-49.00042981
22.15482633	-50.69678761
27.13696669	-52.3303804
22.91862979	-50.6731014
4.219504317	-48.02870249
15.00156093	-52.16548824
20.11083591	-53.04430884
21.27104677	-45.05065012
19.40457468	-50.00957309
19.02487459	-43.73534305
4.277173763	86.9891305
-6.414238905	81.08795664
-15.59856003	73.90407649
-29.50002336	74.43941005
-16.0099822	83.61498006
-8.424584768	-85.82304867
-6.568752469	-83.18093254
-1.589432066	75.42370495
0.866698715	77.73113662
-3.772898071	-85.72892813
-6.958593992	-73.63350666
-4.046439639	-69.91054651
-5.670612534	-63.39828243
24.62887091	81.15570329
33.15317688	76.58066042
49.99060463	74.99014189
64.21587992	75.76020936
-0.649497559	-84.96957315
1.931835308	87.65614765
13.72095416	84.1317135
5.646696296	-88.05920526
15.81606667	-76.60733477
7.889205438	-62.28286657
8.26001857	-52.6981989
14.04726168	-35.31186277
20.81934207	-28.44908192
-10.43383415	-28.67562682
-20.45955619	-25.86415783
-57.53247339	-24.16645145
-81.52212948	-21.05248687
-22.32593272	-22.15448278
-17.14041408	-16.15970983
-14.61347037	-22.94197481
1.146869425	-21.54603867
-2.281214319	-26.37962806
-1.12964519	-59.13959499
1.94935137	-63.42228063
28.19204476	-72.40259829
145.544933	-78.4117169
152.3451616	-77.58685487
141.0230208	-74.51841396
136.0695696	-68.1093482
91.74352193	-38.91187929
73.49720452	-29.45651495
22.90481968	-20.46503124
13.84058131	-21.93140832
35.22198039	-23.8048334
12.99844803	-45.0624548
27.95610241	-37.48742442
41.05280713	-33.02086358
32.02375524	-26.94545546
34.98023686	-32.37291149
37.36522163	-27.8951003
48.24056382	-30.91127881
36.17896663	-32.08962847
15.13745807	-32.04504309
2.417022294	-34.47844596
-19.57614452	-40.9566836
4.647717477	-35.04958431
16.77229487	-27.91495619
-5.668083911	-28.6559275
-8.421355951	-36.80062993
2.743784996	-31.71508655
-9.240150807	-41.99439777
-17.28660975	-52.45854514
-10.58286972	-65.86642454
-8.495165363	-41.96977375
1.813613972	-33.18216398
3.893500202	-32.91673542
-15.20746746	-34.91443645
-22.28667761	-42.23012355
-16.38955425	-61.77936624
-17.94229248	77.82647636
-5.876308226	-84.32108323
5.232068881	-83.23577423
10.49492005	-73.10869416
-5.404111182	-67.77795275
-15.37930744	-54.75583366
-2.603591385	-35.4974038
3.921178851	-29.4330607
23.17246623	-59.60789783
-0.630557074	-58.27948619
-14.76359845	-67.872633
11.3200798	89.7309882
53.17347967	88.92412139
69.31556539	72.40513234
60.34877383	63.2002748
100.8473275	-74.67568062
123.1345327	-44.86053234
139.6688451	-67.39768997
138.8470359	-78.2966329
149.3714055	-87.21457357
174.4019227	-89.83477231
-177.583458	81.39823123
-174.2481745	78.43406174
-154.8204325	72.28243151
-140.1937721	73.42884885
-138.3302761	69.42698884
-101.7713631	68.31858471
-98.52431564	65.69426815
-97.25207855	65.20732758
-90.47534836	68.12592753
-125.8837479	66.3463144
179.7011878	80.40207463
173.3353831	80.01347117
-166.3673912	75.84886729
-130.1736164	62.92992634
-96.88525709	85.3846922
-96.64799131	73.10330109
-119.9627198	84.27679817
-75.3083217	-69.75456445
-81.81190895	-52.85980946
-136.8039657	82.074425
-148.3911007	75.87560043
-166.9022403	75.87321864
-178.1049325	78.20049125
-164.0203355	78.61765162
-174.720227	76.11186833
-175.0511465	69.08111729
-161.9488265	78.60205804
-178.1328836	86.97304251
-171.3842706	87.19669376
177.7811874	87.36433284
170.4755412	82.96192521
-176.038099	89.88909628
163.3613678	86.41504612
178.9079539	-83.38804174
160.0215882	-88.72515342
159.7579768	76.40305417
173.624166	66.81440146
143.2214464	86.91016083
128.4885446	-70.65684914
122.356699	-53.55437863
144.7062066	-43.8739033
-158.194879	-43.69565475
-131.2298287	-44.9917311
-87.58876693	-44.17879551
-58.86667551	-37.70626969
-117.5545134	87.10619966
-106.1762562	76.71852796
-133.8574453	70.1884702
-147.6311451	72.11251588
-124.433915	68.43350842
-57.25066124	75.41941199
-23.00088476	-80.6837597
-11.57229693	-63.49861067
5.180949754	-58.42791708
23.94358861	-50.06191557
16.48689897	-28.33202282
6.121053313	-52.0543843
2.083688947	-46.14910249
-2.812380886	-57.52431593
1.83226664	-52.06412075
-91.95393928	73.60248252
-114.974017	69.36243792
-155.237152	70.56596404
-175.7912028	76.77896571
168.1415837	83.00398999
168.8466765	81.2170771
165.6739533	87.45645015
140.494529	88.66365702
123.1304064	-86.71358217
100.5038312	-73.95414853
88.30913563	-55.912443
62.65029075	-51.17634446
41.94747486	-52.16814094
56.58222837	86.95293407
1.173080181	-54.86590061
-1.399502809	-47.79964908
-3.01051033	-44.95438159
8.91814004	-31.19092747
-8.415825424	-68.71536303
-2.697666685	-63.41092307
-2.912639926	-53.24608265
-4.013585425	89.97734647
-0.115252675	-87.385263
6.620952989	-80.48480492
13.04604915	-70.62723538
15.34406656	-66.53624696
1.795651689	-65.62883689
-7.485335831	-71.23218107
1.788472931	-41.94206942
0.340183875	-30.0277636
-14.89575501	-35.18733782
5.99665294	-30.86731228
19.61073667	-58.78589537
3.723145188	-66.43971639
-5.264946869	-75.7766669
-11.95808335	82.99358008
-32.66921911	62.26034986
-43.38745788	60.06542772
-71.36954757	70.3059578
-76.75777062	71.49453679
-85.28747072	69.48292526
-97.97129469	67.65560417
-109.921353	66.35964748
-140.5823615	63.78647497
-157.4700324	63.85437372
-168.2706414	67.31924362
-177.6882889	82.78088167
-177.7232254	78.70600849
-166.206066	85.72299771
-157.2141542	88.47329529
-157.3004999	-87.30612376
-156.2175207	88.3473336
-156.6346605	84.94811256
-161.4652119	87.66028291
-162.1730776	76.22652494
-154.4174195	72.08756291
-148.5765089	68.81252523
-147.1918263	65.08446692
-153.5246638	53.24198774
-149.9542928	64.06823566
-155.1834926	70.55597751
165.5995258	81.82414629
151.9747763	83.43856203
136.0074777	81.49942412
132.763816	76.94958201
131.8323046	72.63429707
144.675898	69.90161627
159.8699486	73.93248337
-114.4092048	66.57526787
-112.6807723	61.46943892
-106.225937	54.71981857
-103.1764479	49.51849063
-82.38072979	57.10772916
-72.70311059	58.92285845
-64.2180452	65.3786438
-53.64098761	70.79778399
-46.78146889	78.25639446
-41.56620945	83.5424676
-21.50746638	82.01811874
-11.30126785	85.66600054
-4.557802469	87.64458842
27.01586728	72.99179013
72.37525008	76.30146774
86.9489429	80.62499159
98.67899556	80.9424125
160.1871133	73.44812055
175.9917447	79.28072732
-175.5452816	81.9229385
-161.51904	76.34595816
-146.5863585	79.62124535
-133.2401057	77.35283769
-116.8228211	75.83852565
-97.95212522	73.18270378
-91.44690216	69.97001327
-85.08967617	70.24235551
-49.77225264	69.37598748
-73.22626053	74.11313875
-85.63794409	71.8652144
-95.47930159	65.33759129
-90.08507971	63.95378654
-94.96291431	62.62995842
-79.33927041	61.08196866
-65.02823202	64.38811607
-46.9885087	73.70597119
-62.91825451	77.16405443
-45.45547501	73.89669514
-12.77424016	83.33225957
-18.88520962	-88.85681392
-14.61317077	-75.63145629
-18.75101339	-66.74820083
-12.38585886	-79.95312175
-14.77339449	-72.61337889
-27.75044348	-72.71030373
-39.63713817	-84.80398998
-69.16135424	-85.75301149
-94.99302568	-87.64332724
-122.4504304	-89.4204135
-133.6853656	-89.08041138
-149.7487947	85.1669959
-165.2176845	85.32953489
174.7824676	86.00211973
148.2694297	85.95518565
91.82458235	82.24212852
80.19386739	82.90894446
64.89683603	77.92071395
52.48105444	71.73944944
45.66524375	66.16816489
36.62326151	55.62695326
-14.91858234	-89.89093922
-0.118540871	-78.30610129
7.777095681	-63.60086098
-4.097667942	-40.97590401
-2.11777256	-32.43009961
-3.227236605	-26.57217095
3.213625551	-26.19326624
-3.749564464	-31.10256928
0.366917348	-35.86779258
-7.017739023	-37.92877659
-6.540097141	-47.72327408
-9.029068982	-55.25791191
-17.9624789	-55.81743563
24.09827152	-56.63735427
18.34159248	-49.89025081
-3.412012157	-49.56735139
-11.63668363	-59.70267322
-18.7887689	-77.24428465
-38.13444051	-79.58546139
-51.38434974	-85.24698959
-70.91475143	-86.55354342
-82.59863768	87.87650151
-92.78686815	80.38579618
-119.7828672	79.3376575
-135.2935637	75.54942135
-162.9037376	75.52153879
-179.2663806	79.71454728
168.8377077	83.36798078
165.2639992	87.09439209
174.0682816	84.51113705
165.4126713	87.14030766
170.9200596	84.48166798
127.0369892	81.88838091
112.3730224	80.87795455
108.1231178	63.23711898
123.5680062	46.77937667
129.5807045	44.4329313
145.813407	45.71793362
158.3681588	29.51562576
170.46192	21.10072886
164.4506877	10.76565841
-177.7662672	88.32033128
175.2317568	-89.768889
-157.2133147	89.4548419
-149.117752	87.45790149
-143.8975761	85.29403522
-138.2156333	78.69207664
-128.1594242	79.25187866
-144.7253288	79.67650285
-113.7279051	77.98939119
-106.0124774	78.15672414
-103.6460656	77.83753123
-113.3026354	72.76898301
-125.7519915	59.41800435
-133.1042457	48.47236915
-129.64209	40.36154545
-147.7024443	39.64562194
-137.5744903	58.20148977
-136.0317221	62.92688884
-132.6353815	69.97083658
-124.9723648	67.30986829
-143.501238	78.76012785
-169.8919203	-56.27887927
-174.4907008	-43.94938198
173.9697501	-35.78026921
105.4159656	-58.54468153
74.04017523	-70.38860882
57.12053442	-76.11771882
71.44642865	-89.52768972
23.26904719	-53.56901897
21.66091885	-51.26072511
7.241906437	-47.41082193
0.790252197	-33.22974227
8.24068281	-28.8615946
-2.907616598	-30.71777701
5.479726578	-45.50575344
19.06283973	-41.58541954
9.313385847	-25.00329915
9.639725941	-18.83108629
14.23078712	-40.95835801
4.012697794	-42.68292824
-19.61979985	-56.51379888
-27.24725128	-89.43915883
-13.55595053	76.74799508
1.323669242	67.72543046
27.49110005	68.10566938
65.01619965	69.41536442
82.31544594	69.32669749
99.02770167	71.54573337
123.6986455	73.19437629
138.3701057	75.46075291
151.9505528	75.0817941
166.9253038	76.28411609
178.708282	78.17812538
-179.5919353	78.93610936
179.0687941	82.56400832
173.8913293	79.65232035
163.9448554	79.20982378
169.9178591	79.29228642
2.000993794	77.66777024
5.467418482	-87.51576003
-10.02142348	-83.09770863
7.605555787	-68.31919072
-1.427204533	-58.05892739
-15.74672308	-26.78114094
20.44997678	-56.37082205
5.127760388	-65.89278287
-3.621441912	-41.43501749
-9.501864281	-24.89497229
-30.37736623	-23.84661233
-126.9058476	89.40076198
-119.7519955	70.62938397
-140.1648382	67.23044956
-101.8465101	68.18998399
-74.58992415	71.81584456
-66.69757635	66.56743706
-114.3265911	74.28110961
-166.3675132	70.44425098
-142.737008	76.04264185
-123.6293743	75.54790854
-125.1688905	68.66156956
169.8075273	75.28154461
136.2065977	75.69572342
141.5493755	77.47068997
-176.6679071	86.28926159
-160.226557	-85.68866204
-144.9341249	89.55347961
-144.0179218	71.85170333
-117.8740582	68.60230236
-118.7165071	63.39008197
-128.8032074	63.01674087
-128.4477652	79.16604629
-102.8644724	78.47321153
-88.34438357	81.04643912
-87.83900784	71.36600561
-155.9143109	77.12070255
170.9478406	79.4248967
161.3900656	82.00742148
-176.1159422	86.60404542
163.5594133	84.33853615
-161.6989178	79.90392655
-168.5556408	68.63405509
-140.5434833	79.84566464
-168.4802338	76.31205313
179.3137541	76.1017114
171.062702	76.08987321
-173.6632521	81.52744487
-115.7937699	85.07274946
-128.6631797	80.11606096
-166.5742847	82.43349041
-165.2488042	56.73699492
-132.4405805	78.2547033
-117.9728301	71.96682134
-101.8588767	67.34571441
-74.68727701	63.38391409
-123.0587541	74.53583452
-149.4335904	73.08004426
157.5820799	-51.12638777
132.4711445	-52.10993354
98.29416482	-64.54117429
116.2859958	81.84819124
107.0612595	67.73499913
150.8021655	65.15042361
-176.6728689	65.54936146
-153.0041746	70.13712475
-119.6399909	65.38649801
-95.90479523	73.47988158
-104.6593298	82.18926362
-120.7426313	84.95349557
-70.75462792	67.69247157
-58.9011331	67.10431091
-38.66731799	77.11129196
-55.99603086	73.00776003
-12.11459995	85.02053334
-3.783346788	-82.93496766
-13.80338478	-62.1304106
-21.62818069	-54.2658423
-18.87095642	-42.16281397
-9.579040291	-30.73188385
-5.902838802	-28.04967925
-35.39769003	-36.24947962
-12.19196029	-37.32474011
-2.113502973	-62.65129436
-11.89894466	-42.83794133
-38.26732349	74.66378298
-73.63206415	66.07431867
-118.4353819	58.5959653
-135.1791698	58.75515721
-162.6757949	73.63612658
-176.4955805	64.75893344
-159.1577138	67.71239737
164.2287681	82.93481146
168.6779926	84.92442499
161.5731837	82.66906637
169.2512124	68.18056363
-177.410516	61.29513452
-159.7161918	61.32852712
-2.455605926	-73.42799943
17.28705503	-69.58244794
7.843459429	-66.23225454
-1.461385205	-53.09310696
15.33062739	-25.88708215
8.850602967	-16.6635492
28.14060927	-18.85974413
-1.059716131	-56.59617771
-10.23179246	-53.68615901
-95.63557319	-81.07637257
-88.9449344	81.17562134
-87.44561774	75.21785271
-101.4912579	70.61035484
-129.4869085	68.42603388
-146.3514649	66.70639541
-154.9153688	68.25750059
-132.9642306	71.75835577
-112.3359705	74.26799427
-107.0315759	67.78162236
-125.2018194	57.37965404
-120.3426146	64.74571456
-110.8939889	69.81881069
-99.25670265	68.85432518
-90.9378764	73.89131799
-88.52747326	73.21099229
-85.08862515	72.99383381
-79.32687295	78.66863793
-74.46497953	79.56726878
-22.2393406	80.16581843
-6.358158242	88.57390322
14.96188143	-67.92969397
113.6614798	-89.91937567
132.5796577	87.24248697
157.4666762	87.6335574
172.7169685	89.21148893
-175.8662959	87.67659092
-159.7944002	88.95342403
-161.3947138	76.63798902
-171.4042997	83.53176973
170.946691	85.63271299
158.376528	83.68177085
168.3667444	81.45707479
163.636122	80.90179341
-178.5720157	-85.19963812
-176.0493273	-88.05331573
-155.2124957	-89.86352382
-146.8977485	86.35639623
-129.7980138	78.3890736
-117.4425618	75.93076862
-103.3441741	75.66074243
-52.03410964	75.85914544
-24.42196563	80.45319947
-12.94102861	85.54751641
2.025517926	-84.32631349
7.483242462	-70.09172292
22.12523435	-66.32990104
36.22271182	-60.28375557
30.15154227	-53.36063122
89.5099548	87.65410852
110.6480336	81.65445859
120.7881147	76.01977176
134.8801216	72.61740916
145.4894058	69.03410151
159.0630032	62.16789763
163.0057118	61.59910116
-171.2854726	65.07088418
-174.0455972	50.74579088
-151.1713526	63.1618864
-151.6737825	72.941378
-151.8330218	80.49478315
-174.5607742	82.83561848
-170.8451461	78.61668604
-163.953978	73.77355625
172.8893954	84.8768511
176.976254	82.20258593
-176.3657777	79.11249372
-158.2435709	76.3458227
-159.7871756	72.2787233
-176.7235573	79.78365615
-159.188614	72.18209883
-156.0240564	74.43205922
-166.4432857	80.15899549
-174.0011937	70.55917435
-160.5784487	79.94665714
179.5115768	84.58445315
-175.7104957	83.00258461
176.6467304	80.61881156
168.7232414	80.51484247
-7.588931933	-86.92751015
-9.832544368	-88.45988601
-4.558815321	89.82746077
14.0972755	-83.01002244
13.25386917	-71.84505791
9.187964376	-57.90994149
7.142701385	-28.79261548
11.81293701	-25.62978629
16.0353158	-60.43004978
-2.376548914	-39.56238866
-4.663168514	-31.57781978
9.880354912	-27.91733306
-8.83184524	-35.4606421
-4.296865468	-45.98787084
-7.301934895	-89.08862128
-83.22017129	79.44090329
-90.26920202	70.97689873
-122.4807859	67.11383288
-121.2619617	67.26531431
-128.9157823	61.37507656
-128.0781953	62.54639742
-168.7969651	67.54368422
-179.2092952	74.15352431
177.3019159	77.03080722
-168.1343491	76.38416796
-158.9767911	74.14475769
-155.1090519	72.81801905
-144.7952473	72.88329521
-141.5638876	73.21142124
-142.9513588	68.20998207
-127.0870491	75.60308985
-126.2033431	78.12643543
-119.4390422	77.64542256
-107.9933081	74.97637609
-103.0584954	71.70305504
-101.4835934	65.62434035
-128.2548738	72.7639112
-162.8844423	77.38758021
-174.2935165	84.82091675
-170.4974496	82.51063956
171.4317836	80.70581249
179.8830629	79.70251263
-176.9183255	-66.44420106
176.5716119	-86.11073966
177.7490333	-81.508881
-153.9452389	81.88108117
-150.430167	77.91865342
-136.0163275	73.62360586
-116.4780688	73.90180612
-103.7974626	75.55696685
-105.3973323	69.58825959
-130.7877546	72.34411782
-152.7838106	71.88504724
-158.3981858	74.15123977
-153.7552089	79.06567157
-144.3986621	82.5723327
-127.6829688	70.66167425
-85.90796497	78.16180131
-72.63880184	84.52929167
-43.52533267	-86.31213837
-29.62678615	-73.72843246
-18.53344811	-60.68296428
-7.546951523	-49.72768611
-10.4785796	-44.00491569
-18.61751599	-39.11516787
-23.63993244	-36.11024022
-4.290719045	-27.12787678
13.82431603	-20.48446279
-7.226959798	-24.55621862
-21.78688756	-31.96885419
7.793223024	-37.12718194
14.17507042	-26.85635395
-32.44129738	-29.81954263
-43.63490325	-28.71485505
-3.043541907	-52.15024034
-12.84447054	-87.19902358
-17.88809724	84.01418903
-26.57627476	71.86209135
-33.24021	64.92324713
-65.37751033	72.70731295
-94.58740926	74.05836048
-110.6299106	77.92277308
-122.9402564	80.99433235
-145.7690321	81.03331944
-167.1962494	80.71677521
178.628798	81.44514676
163.2386832	88.35912006
146.6392209	-87.29565656
127.4486417	-85.82614474
106.8841382	-82.23537803
85.4483504	-75.11966302
68.71912889	-67.32450348
60.84762536	-62.33503813
37.32982629	-64.62248599
19.72691548	-62.82459629
-1.970854034	-85.43157842
11.09642692	-85.15564961
-12.75081712	-81.90472985
9.577832837	-64.62842247
21.24025691	-57.80693792
19.84117951	-32.8242448
27.02753454	-29.80231986
61.29852816	-65.81295766
138.5352409	-78.78220548
-168.5914439	-87.07897782
-150.9345579	80.30155166
-144.8441849	76.60960109
-144.6023745	74.0357156
-0.780306223	71.81464017
-59.86220884	74.67868794
-72.55328613	82.98856411
-84.87235558	77.13702367
-127.7275945	76.58682681
-149.4286801	74.24203037
-164.0722831	71.22609552
-143.9221496	75.32691948
-119.7427522	74.21702302
-109.1916928	67.76228625
-115.9669358	65.06826678
-97.35108326	69.50073356
-83.96086919	68.77059585
-77.80254194	71.13603801
-100.0797651	65.22140232
-75.96875268	76.209063
-72.27739597	75.46187693
-66.26925293	76.39612802
-56.88136699	73.08432242
-74.55221973	73.43096382
-174.7271671	81.6171551
166.7033283	83.70866781
-161.9718913	82.38686484
-152.8146584	78.97455423
-137.5073686	83.65046488
-130.3278041	83.64997704
-127.5549653	84.45928858
-139.9975604	80.08274657
-126.5104004	73.4236654
-135.5038768	65.25089451
-131.1112681	58.8971595
-131.488372	62.98004459
-123.0145095	66.1130164
-128.625755	65.41071153
175.3570694	-87.76873333
-165.6106042	86.60126229
-151.1734661	83.44780701
-143.4812771	80.90131503
-132.2799203	77.96223741
-119.02057	78.23882607
-105.6669249	75.96014553
-128.3999339	68.37225862
-153.9347432	75.03810215
-158.0574667	73.46724809
170.0214414	-57.0321998
129.7486661	-52.76909466
109.6074094	-32.08650524
86.54600394	-53.94456968
83.61591627	-65.55424157
88.03482467	-87.95320039
94.72642713	83.12586871
94.43879756	73.11838356
88.40694655	61.96661705
99.4059927	55.81171562
102.8334381	47.82124787
117.8966361	45.40516855
158.3887519	70.19938458
179.4296715	76.51268944
-172.6757431	81.06839153
-151.7783648	75.38668856
-139.6620001	76.16900296
-133.083219	69.48334636
-128.4892419	71.49069171
-112.4648729	76.25437277
-96.51439318	82.86812383
-86.86350889	84.15776368
-78.73878116	76.47573432
-59.22709854	86.85825201
-34.01843162	87.71846536
-13.21337711	-89.54654321
-10.56853026	80.04967837
-2.067024282	-87.85683043
-4.328294391	-68.9123625
-4.871649785	-68.07352061
-5.345653841	-72.00777188
-27.33199055	-63.87156587
-4.313550886	-55.23853795
-8.40888331	-53.69019504
34.68679551	78.61402608
9.916381287	87.83346187
13.58305402	-78.19897396
-3.364645283	-81.03671713
16.14914225	-65.88568808
3.500921767	-28.64128329
1.875768315	-22.90392053
-9.343965963	-22.96701447
-9.931610807	-13.60509466
-62.94927561	-26.37173647
-5.702457838	-85.51863853
-9.390591896	42.04186609
28.61144551	36.04691871
14.97967495	-53.5718717
24.8330218	-52.4966031
25.02574596	-22.08387836
-159.4430127	-70.29792507
-129.6052635	-72.16534544
-120.4819165	-83.80057468
-118.3570578	85.00502734
-117.4073241	75.60403713
-132.9565033	64.41473556
-135.1836394	65.020902
-163.8211985	70.75974818
-171.5295641	89.95637907
-166.1650897	-83.27653294
-162.1664979	-83.93643578
45.72080429	-43.48944099
17.08439286	-45.76060812
16.46764199	-39.38678122
29.45471381	-17.90043481
10.41667773	-37.53242224
2.169966586	-40.91097866
12.56603251	-41.91812902
6.34558868	-35.74376611
-150.7261991	70.75017863
-128.9721922	74.64262509
-114.2781628	75.46901928
-153.7255151	73.70575524
-170.3060359	76.92938663
-167.2179672	68.81040686
178.4332645	81.36509538
162.7461237	81.07114077
160.5785468	77.63759163
174.6698238	-89.78636085
-174.7767256	87.63958747
-153.8773114	85.65720334
-145.5838914	84.62358075
-130.826721	81.30777917
-118.5304583	75.62136862
-105.3318278	75.95929069
-103.9330146	70.0107916
-107.635425	77.7237674
-133.2886705	72.22262137
-149.3592581	71.0069474
-153.8671796	69.32407406
-167.8660909	59.35053005
95.13281501	89.42034048
64.56924693	88.90500604
35.96323283	87.84463038
19.09704608	-83.667974
11.65995673	-71.37829215
19.07045394	-60.05163283
21.80445879	-54.5365764
8.671075536	-59.36539257
26.42667637	-60.06335456
-175.1651067	63.55151968
-169.2368001	69.34036346
-152.5788178	66.70387677
-134.961725	69.95271338
-132.2699577	80.86804479
-143.8058874	84.38239598
-140.0230311	67.22528227
-110.5212513	75.28240088
-92.24130353	70.58852731
-100.4958067	61.86850025
-84.64120304	71.55178277
-76.88310865	76.59767053
-71.5580344	78.13174501
-64.67079987	75.28483055
-73.91749167	66.3312759
-89.21066684	74.75485323
-90.83693461	65.40068754
-95.27330276	61.04226488
-113.4245055	85.0031559
-130.2765013	77.64031679
-151.8090999	74.72050851
-163.5316577	72.26155945
-176.3295819	74.05656673
175.3559305	80.75555058
-173.0602731	72.70461681
-172.2087638	56.6946318
176.590357	43.93124376
155.9352693	-62.60451617
152.4566823	-51.76068303
152.7410339	-37.21555076
-12.05022865	73.71997726
4.334211669	-83.42349272
13.60525827	-74.02468707
21.34346746	-70.3475258
17.85416134	-64.8116756
-3.726065894	-63.09301128
6.991885583	-23.8333777
-17.18128642	-30.52857769
-1.78354511	-32.00328938
30.09963606	-36.54359362
34.86895871	-34.28116427
-19.57426761	-28.27323398
-3.256250627	-45.56736252
21.17087012	-50.64980906
18.02548324	-44.13100478
31.86245312	-56.48384925
1.472014513	-62.60970659
11.51435982	-63.99036783
81.32961882	-72.6196547
94.58125431	-74.90997115
108.8023307	-77.88949272
118.3692764	-80.57146967
124.7157934	-84.01474985
128.3684967	-89.44310157
85.42037192	88.35961805
5.793755362	-47.91601686
-26.18936312	-52.98902198
-75.92620748	-59.16440205
-110.2071052	-68.71739369
-131.5825735	-69.32118023
-148.4433452	-78.70412241
-151.5720668	89.61140673
-161.9267364	83.43729104
-170.6163201	76.11267787
171.4640617	78.11507052
-179.5940539	78.46369649
-170.312395	83.19747663
-174.2730104	77.80923397
171.5714543	77.6696246
-157.684528	73.61373761
-159.1553154	37.30396183
-151.077605	32.14333977
-137.1075647	20.39544266
-133.7803826	10.58384692
-113.548475	5.697251432
-67.10306789	2.164892639
134.8679579	23.27885807
-170.455002	82.49153295
-171.3143928	71.1164297
-174.523173	62.58829889
178.6285704	83.55006631
167.4873965	80.72562809
161.6877414	74.85546075
-168.4771418	70.82563584
-156.994957	68.11871054
130.9449709	82.36391079
168.6189863	87.25052015
142.4706197	79.79851422
-172.8823157	87.73546074
-152.0499341	83.73420826
-146.5838902	80.48251249
-133.7894707	77.67468938
-121.817016	76.84242737
-113.7080231	75.67567935
-140.8580091	80.4642406
-144.3924948	79.09132596
-152.5031373	80.28935271
-122.0085708	83.70174185
-112.0575766	69.74582437
-102.4853153	66.3168912
-91.49953777	83.48526846
-86.24526676	72.41797731
-86.0993426	67.56792499
-97.92782037	68.55635226
-86.33184862	75.5510679
-79.43488476	65.30569382
-94.62084631	85.05615422
-105.6269328	88.91853749
-126.9854631	72.66066197
-141.6718155	65.82665599
-144.3639766	64.60572169
-144.5471245	74.94695483
-147.952493	79.48223819
-154.2318003	68.30621154
-176.1023926	61.24517175
178.8638029	80.91236198
-172.7926321	88.98022994
-168.5022982	82.44003392
175.8238586	86.30495952
167.7695451	79.83414019
170.2864943	-75.27396716
166.7892947	-69.53853529
-176.0747027	83.96564922
-156.3752908	72.81214817
-171.5564553	60.66680735
-167.6412495	55.29376088
-157.8938339	61.19179674
-154.7591528	71.66603047
-167.3637986	76.05734123
150.4163915	64.20844001
132.9880215	87.29259131
118.8612209	76.20230125
106.132863	67.53632813
98.50732824	58.82115121
156.3944731	68.07657814
-178.7152114	76.41982629
164.8404267	68.16350868
174.3217144	81.94540788
162.3406802	84.15796871
154.1305504	63.42343945
159.5790048	71.3440249
1.254345591	-87.02966444
-11.39172663	-78.27666004
10.76386574	-65.29680925
14.0573706	-61.21231357
17.08897925	-41.95535083
28.05397062	-36.39372392
18.44508968	-59.0455544
-9.326150166	-67.63249705
-17.7779169	68.65793098
-21.40426954	56.43547599
-38.50891148	50.51569679
-93.59313705	77.53891101
-99.9375142	79.10534092
-102.5557571	73.6374308
-138.3728165	69.39264628
-150.893169	68.00375912
-159.8458605	70.80434175
-166.1051846	75.70399511
-162.7274862	71.9033312
-140.7655775	69.65860345
-125.3805964	71.34879924
-96.52605054	69.50585798
-84.07731688	67.43954881
-75.38170436	71.80445277
-93.80504865	77.28761634
-137.4340862	76.1510904
-159.5935437	78.19564828
177.9462861	82.56480716
157.7828417	81.63023246
135.8276493	85.04503052
122.6197489	-84.55907076
112.0095416	83.71903648
118.5595762	60.41983284
111.3211416	47.8706276
53.20444959	-82.38872952
59.40509018	-67.40291505
-163.9580788	71.33611276
-155.0744788	77.98996938
-175.2848595	80.51267133
-131.0429382	78.95992667
-114.5207586	75.84570407
-124.0274623	63.37646698
-119.185724	58.50222889
-129.5051369	62.12766201
-137.9693043	67.25922876
-158.4293165	78.13177639
-178.3304924	82.13919455
176.9645589	83.01236102
171.2512619	81.9329921
170.774953	76.26319803
167.4437352	79.86904977
-141.307625	-85.09341667
-133.6035479	-84.81933911
-134.1717287	81.55241316
-148.7773141	78.96472309
-128.6145634	75.27497447
-112.300963	72.30392055
-148.6619217	77.35569211
-157.2168475	74.1225874
131.365232	86.86005513
83.69781998	-64.24352435
72.0126772	-51.51349072
49.53172046	-38.66504287
24.96542047	-49.30830466
23.69560416	-48.52810113
7.175976014	-45.1554244
-8.197506542	-45.30647729
-1.351312248	-44.30624455
19.48309085	-26.66956668
7.453857235	-24.76765336
-14.17286533	-47.85723498
-0.610294386	-58.0898181
-7.456397052	89.9740674
-10.55610215	73.17640675
13.50455215	62.33816039
42.98025831	60.06286553
76.15710344	63.52684921
95.43168142	64.28379663
115.3890394	69.47327417
131.645547	72.62250282
157.2281087	71.20339744
-178.9845432	74.3520792
-162.9929988	74.01437465
-158.1990932	71.30560746
-133.1818584	73.65233998
-124.6078495	74.64831778
-118.0778778	75.30752263
-111.7823192	63.40500913
-113.972622	54.88716785
-86.9444919	64.68276273
-79.4155459	66.68841876
-89.4002892	78.01038813
-88.38574976	75.08115262
-1.210195825	-86.48273951
12.35411594	88.61653987
14.84618341	-74.58812328
1.035652215	-70.83789576
11.36983045	-63.3061976
2.602816237	-54.97769126
8.952681689	-38.71544679
12.00912649	-31.98646768
14.98819011	-26.17100379
2.806931234	-25.03006217
8.346176883	-25.82456651
-0.265390184	-28.20272703
-12.62730785	-32.96806432
1.754339803	-29.42329543
9.39940638	-26.7223537
-3.752182578	-30.83469639
2.182870433	-35.32132231
23.49875808	-32.80441232
46.29753775	-27.65267104
21.62766608	-45.83282074
28.55311959	-46.29193201
78.16750867	-59.86576987
113.144462	-65.79641513
131.1425023	-71.35035683
141.2139856	-77.19003269
145.1628143	-79.29682357
166.8757996	-79.61222458
-179.7524453	-89.93226891
-176.8140639	89.89566943
-168.7767384	85.33623644
-171.7077885	79.30998264
-154.5981972	78.26709255
-143.7801743	72.79090145
-128.552428	73.7029436
-112.5131764	73.12128707
-98.54091412	75.8760643
-97.88973587	76.74129997
-92.27550665	64.5376032
-94.64304745	62.92907174
-105.5924884	60.48413763
-144.0657762	74.82251039
-166.5962453	73.7222866
-170.4117233	82.74066764
-164.114861	82.27453364
-150.2484073	85.19560167
-143.8984898	86.82418679
-159.5998649	85.74801561
-171.6762179	82.87276192
179.0456792	85.93435565
-174.7691798	86.25202463
174.059346	82.47415972
-4.236310743	-85.21952297
10.78409873	-85.34792832
-19.15883857	-86.14891107
18.17964545	-60.8234386
23.61812493	-28.18334082
26.63336721	-25.74272651
6.422680966	-23.78701079
39.09911843	-28.86736815
14.08975177	-56.41368452
37.89585415	-27.17256971
39.46281267	-25.02003782
12.86035712	-24.95460564
-4.068830786	-45.83677169
17.06697814	-46.46003678
19.4581094	-50.52444175
43.58089701	-31.74105761
42.52544935	-29.77455362
21.14731363	-54.29104896
16.66300536	-48.01636424
137.4198419	-47.70881018
158.817001	-74.05642353
174.1578094	74.3790054
-167.6915501	76.86895439
-159.6652892	68.46642763
-144.3337231	61.75575515
-165.5517298	73.93614744
170.4530136	78.39799515
-150.2102253	68.75891031
-150.45643	73.11932333
176.0300852	78.7899617
-161.8179948	75.96365898
-168.6703106	72.04032617
-166.4181821	63.58962594
-163.7867201	69.57478208
-145.2361453	83.07775741
-166.7657931	77.01849209
-172.1699552	65.60651964
-177.31862	52.48409965
171.2936238	78.31471333
178.2598616	-88.35765195
-175.7201799	-86.12117208
-154.3856926	81.71498915
-143.700667	75.48585571
-150.7146075	75.7450118
-121.1015159	74.0669205
-155.4533795	75.7368172
-99.43491925	70.41716852
-92.136102	69.43825246
-99.53242908	66.96096255
-77.74025582	69.30999465
-67.14033095	69.56037962
-58.47463732	68.82561339
-67.89367644	67.30299388
-72.78711833	63.16980241
-62.96752472	62.99380666
-53.82108015	71.99573264
-42.2508418	72.65030536
-59.83460125	75.84317678
-57.07722777	70.28874288
-93.39566827	68.15863345
-108.9111517	66.32784067
-130.8708686	70.50851915
-105.5861316	62.28150906
-162.386856	77.12205111
-177.3860477	80.48361008
170.3307036	82.38866372
161.9199655	84.99072401
171.1174454	81.65117435
155.6663791	82.45535498
173.3438284	80.11099316
169.2090547	77.92770221
-173.4036706	78.42757562
-167.0544063	76.03918577
-173.617036	67.10343148
-177.7187407	57.9448593
-171.5344381	44.00430921
-165.528688	35.20807635
-163.370296	55.05182557
177.6073563	77.12267973
-178.7366495	85.51713001
169.6451449	84.00659994
1.563877485	-58.93103017
4.632569709	-78.96925278
15.44970183	-84.78281919
25.09811151	86.34104785
9.924035012	-70.34425593
15.30238044	-58.12826607
9.839446381	-53.08706849
2.683931473	-33.11463255
10.85339676	-23.93008565
14.24286463	-54.49838232
17.01837444	-59.17400748
7.330650114	-53.64250941
16.15441148	-54.61291453
27.50769311	-19.88371237
-0.719793236	-19.71103859
-15.6559995	-22.53515391
-35.02989601	-61.66877494
-24.78738068	-75.73896158
-23.10754398	-89.01427009
-62.87993286	-84.98267685
-86.38423069	80.27841075
-109.6450804	73.0237032
-139.255263	70.92932844
-157.2277284	70.35139075
-172.0782598	68.20935805
-150.1017449	69.21532372
-178.6202558	60.90518666
-179.0838345	74.08738651
-153.388318	78.73305879
-150.2573872	73.24544862
-148.2153982	76.67526177
-148.0080899	73.19466633
-123.0870539	75.52822745
-112.9869143	68.3944573
-88.15033441	70.05605563
-64.06100549	84.30413547
-47.459242	-86.65420656
-52.21062862	-74.69541843
-18.7220363	-65.46705212
0.865651935	-54.01760242
10.34456967	-43.82458373
13.37864571	-37.8403979
-1.625185406	-33.23643097
-4.005449823	-24.0844728
1.653460545	-41.71743901
0.094700842	-48.98938467
-4.654174985	-57.5557075
-5.452581806	-69.64197263
-4.134308983	81.2048304
-6.816606013	73.86118567
179.3452328	86.84459623
-178.6528284	-86.45175862
-171.6620534	82.64139118
-149.8010447	82.60834875
-142.2675182	79.5365752
-130.2640257	77.93684402
-117.5337458	77.0496268
-138.3561592	74.29538934
-148.8498541	73.39917127
-154.2729071	72.97204396
-125.3254207	73.87790841
-147.5260973	68.78072269
-152.1524035	69.30113614
-142.007552	68.11853082
-153.1423063	69.77570426
-160.2457267	70.54808232
-156.1281426	69.60478322
-164.5589192	70.81264737
-172.6829945	70.27484271
75.61678703	85.71597487
71.20918568	-78.92846802
138.5667498	76.83897008
155.0455722	75.65919395
171.0859355	73.39926621
-171.3573859	75.99101496
-154.9642846	75.12002646
-128.4828828	71.06483853
-116.8729194	68.82819883
-96.98269852	64.59922609
-88.26469054	67.87060788
-78.2688677	68.99323991
-73.46241457	71.40162097
-126.7574669	68.29822263
-145.313423	66.72351106
-172.1229644	72.12225597
-157.854566	69.77480225
168.5281907	79.16282141
177.8017771	-83.24101594
-166.9357646	-76.13473888
-138.3959049	-73.33490762
-105.5911197	-80.48736751
-71.50418429	82.95335992
-72.13526069	76.73154419
-112.9732119	65.8260758
-121.4291862	62.59957716
-119.0472471	58.24844666
-116.040589	55.91691836
169.4342931	82.68666427
-173.5140057	83.17034144
-162.9698514	81.4585148
-171.1840268	79.78558811
-1.885672459	-84.67596114
13.19088238	89.54866475
29.29495208	81.31670627
14.0263206	-85.28559504
14.93002881	-73.11692769
16.05429851	-66.07249631
18.22368706	-59.81939852
4.010630599	-28.96371148
19.18180958	-31.1349319
-5.666188311	-26.61890201
-0.826740745	-34.84326738
-1.831852559	-52.34063277
-10.84425118	-57.1152621
6.724755529	-61.04892258
28.44908782	-59.89563018
19.28197471	-81.79830089
86.30116804	-85.14512852
127.7090832	-81.10709105
155.5371263	-75.49477138
175.7159323	-67.55867864
-164.7585172	87.70459781
-164.5353536	79.98121871
-172.8129721	76.74435958
-144.6309953	74.506494
-132.2026494	73.95367078
-93.83210163	69.12625049
-78.24883441	73.80162753
-72.69977348	73.1403308
-130.796957	73.48354068
-162.0071854	76.31033861
174.3533872	79.55159741
169.339554	82.52765517
179.2485036	82.23693577
-166.2088216	72.42180576
-156.0081605	75.82283762
-126.2536486	77.6002511
-126.2168017	65.40802056
-125.9949811	60.45232055
-172.3321299	76.18721493
177.6213485	82.97930708
161.7277563	78.20847874
176.9843065	78.35479095
-178.6416638	77.26467619
-150.8341752	68.90525674
-113.0490987	74.45318979
-104.8918055	64.00855012
-96.89671466	61.46534241
-84.07082565	64.42511349
-73.44768332	67.26861146
-89.22041486	68.89116616
-100.2238192	68.69775115
-105.8801982	62.48779881
-120.5687825	60.06506021
-90.48969346	77.15836355
-82.96003801	78.86593045
-75.43660184	76.23536177
-22.79233366	80.33783771
-3.152246675	82.25382533
-4.402227743	-58.78100624
-9.566104018	-53.33986619
-7.279040269	-47.15790147
-15.71643536	-42.23724057
-19.38059305	-33.67457779
-25.25905354	-27.58132027
-30.8893411	-19.56313188
-46.54672319	-20.09030002
-165.0703571	84.77355656
163.4019459	83.72515859
174.5705112	79.53788786
160.0441276	74.86706812
-16.69436188	-86.24269033
-4.794269323	-89.43386316
8.694246897	-88.95059228
13.60735715	-75.68323427
1.1534806	-66.22849413
-6.556133767	-54.40999976
-4.534602897	-29.62792663
1.539887674	-24.78631799
-2.597233282	-19.09909665
2.993096811	-12.41197617
7.81626075	-27.7404492
-13.5463272	-30.23353407
5.968625835	-32.49588525
26.27107546	-33.17586446
10.12786059	-53.25081551
-9.40513595	-52.76771909
8.007101784	-40.56757339
43.22342776	-38.8316272
52.56518782	-53.28517157
103.0052207	-48.99588223
93.46854217	-58.04385145
123.0079143	-67.14078457
155.1963772	-46.10142781
-179.2638597	-51.5494365
-172.9251767	-70.28616142
-164.5693922	87.94730292
-175.9630238	78.75630878
-154.5694798	74.14665115
-141.8993432	72.32790806
-152.5522019	68.64203383
-156.5734177	80.19647575
-131.5939251	61.64189509
-137.9938524	43.05101003
-163.9524323	40.80834028
151.3844544	78.65487393
103.5773711	-71.64700455
89.13667611	-52.12373016
86.03237899	-40.80968101
169.6691057	77.19864756
-177.0401489	81.02685016
-143.1864142	79.90855139
-123.7169978	73.54893806
-115.0225579	76.84986762
-129.7899315	89.45073229
-141.2635503	84.05021514
-152.4593277	-88.54334778
-167.5093251	-84.57276878
-177.2728069	-83.90153457
173.5484499	84.96364322
-170.1679804	85.17324052
173.0620877	79.66595374
178.1978108	79.0736748
178.7126613	-84.78505198
178.7269144	-89.34511095
-149.1208857	84.93093142
-136.5100966	79.67372833
-123.9702342	77.0180148
-145.228846	79.93141347
-150.1311284	78.40481872
-103.3335968	77.62663524
-93.06448148	71.16406778
-90.60057319	70.51629772
-86.17297558	67.88802798
-125.0345836	70.24767146
-140.9157737	67.76599605
-156.4573537	68.7826316
-161.1111853	70.18263913
152.8006929	69.60824581
126.2825811	69.4565081
110.6691678	62.32678119
94.03806159	57.70816793
84.63769602	52.02181697
75.3928663	50.29176841
88.06510109	59.058213
164.115163	69.63180066
179.9431444	82.1490688
-160.2483607	-89.38348567
-147.5382052	-86.13104168
-125.7081195	80.83050384
-101.6954681	81.39415412
-90.90689862	78.16058977
-80.92187953	80.09771888
-76.57287111	80.7056224
-88.02404265	81.02844791
-64.71421505	75.47512333
-42.07623615	72.67369008
-10.82429892	78.6793851
-1.293894534	84.45742789
-6.347620368	-71.02928115
-0.688886638	-59.67732812
5.121344165	-51.82888442
0.286320931	-42.87251497
1.825950777	-27.40807251
4.007353179	-50.59995322
7.488802122	-34.57238267
7.113900215	79.57331911
15.79694374	66.95696866
-11.82860438	76.80751388
-9.234261875	82.30944994
-64.77686179	69.70989505
-93.20701186	67.25256931
1.418367655	-83.04228943
10.42815072	-87.16912881
13.64768278	-72.14502148
5.946911732	-52.83774762
-0.338494375	-46.31135436
-14.54539968	-39.12233874
7.008002821	-57.68161383
7.260134808	-73.42324432
-0.391020291	72.75270354
2.299595189	68.38128166
13.55606797	53.26323937
15.49417953	43.44419037
-25.25151506	66.88932027
-30.18508862	56.70378441
-36.46102521	55.01766557
-57.53479367	51.62885748
-88.31324579	63.59532614
-93.0631849	69.98531282
-110.135822	69.64973126
-141.6334654	69.06769328
-155.7459961	69.85489777
-87.69830515	69.16255121
-71.02179146	69.44788494
-69.79221178	58.74229726
-81.60474059	48.22838593
-64.71223991	52.4373257
-112.2596019	63.08418318
-149.1787746	61.61886121
-172.5251773	54.67025261
154.8295118	70.94048349
141.998094	87.21170696
131.8464255	-84.74964163
110.0800989	-72.57991908
99.22221741	78.83028057
83.59830901	72.34825962
86.7265081	61.33430107
123.8274089	50.31817876
162.6239171	66.74430346
-176.2005866	76.39844573
-156.008882	73.40860129
-134.3568941	67.36650161
-96.60781735	70.483533
-80.41006649	74.30620147
-73.68348786	70.32235851
-85.47537709	67.9499064
-60.3332415	60.28637333
-43.79103962	-83.77429251
-15.39028544	-68.71772762
-5.698536822	-61.28986878
-2.409425375	-55.81147583
3.380280199	-47.34734629
-5.45025322	-35.07269453
-11.73236089	-27.62120251
-16.82578151	-25.44017329
7.712827529	-67.71248433
-3.063071922	-33.70600173
-16.46262276	-26.62445194
-6.569636719	-34.41245158
10.71757906	-78.04648786
22.85364684	63.0841101
27.87098738	54.67740122
40.16898496	44.88050624
61.05753375	41.53079456
73.41355437	43.73021875
178.8809399	-81.90212836
-152.347272	87.05585826
-152.2389629	75.65442136
-157.545392	62.23959115
-169.4811386	59.80998853
150.2620016	76.11523379
148.0795303	87.44628201
162.5717736	-50.27547368
167.1161979	-39.33818161
170.4715542	-30.17750884
170.763661	-18.86254162
-138.3941033	-47.23690027
-119.7907306	-58.57648927
-122.4290748	-83.51036803
-122.2518778	85.60596315
-125.9352732	73.2793664
-131.5371361	67.02652011
-121.5280413	70.36218973
-97.2972378	83.82882112
-75.66062149	81.02908842
-68.28023912	76.7300957
-49.76485247	83.36814958
-41.1828166	-63.24652426
-42.12267485	-52.87852405
-28.49838481	-51.78254133
-23.39245841	-56.04112215
-2.257637198	-56.33315214
-1.707619234	-49.8562378
19.17437103	-41.77601218
-1.159383784	-18.64947638
14.27049622	-37.19119361
-18.48159768	-58.17789913
-57.67050332	87.91243642
-79.55427916	74.47394304
-103.6642625	71.96817493
-144.4705256	80.83143661
-166.7469752	74.76628884
-169.7505359	71.44445029
-179.7306485	83.60007739
165.5282971	79.55488667
174.9771048	79.77221264
173.6612608	73.77796935
-15.94555496	-84.19787981
-12.28444739	-87.56742232
14.19049028	88.4400657
9.831208939	-75.95230504
16.89313286	-64.54772539
8.37293748	-26.03336943
101.2429807	-78.1302753
104.819361	87.90491263
128.801432	85.90133109
127.3116952	86.11657503
150.5647984	89.07651672
162.2665266	-86.92695357
-167.3987713	-86.04622196
-150.6991	79.90186922
-155.934221	71.33909595
-151.8072424	67.44674886
-147.6218774	64.17343289
174.9540924	65.70799321
-164.6421227	71.33761202
-151.3695221	72.74034951
-131.3428697	73.12812139
-122.4743736	72.51629635
-107.7180844	72.36302306
-99.80865585	70.08410305
-84.81101381	69.26528054
-75.51844723	73.09391343
-63.43191461	76.47646134
-49.70141058	70.49465423
-88.65681581	-38.13586371
-100.3253041	-43.50041873
-47.27263143	-31.93984966
-13.57877026	-32.06805987
-1.952105123	-31.992369
7.07646822	-28.6475542
-33.19724462	-26.77060508
-49.92527486	-22.17152521
-39.92798041	65.27147836
-42.37468595	59.2161267
-51.78668754	51.52759291
-107.8759451	62.23687133
-135.1060451	74.04046495
-144.5973581	79.66469751
-166.1800707	76.60222842
178.6829806	80.46721551
-178.7347336	83.54607456
170.2641319	81.54252277
-176.9320927	-85.13535143
-168.1601018	-84.88181227
-161.9654039	76.04675883
-150.3017057	79.80988664
-140.5833602	79.41179465
-127.9322177	77.00704822
-138.3219862	77.76702795
-126.5991568	77.88141205
-138.8961204	74.02454098
-148.8777344	70.96490035
-130.0155683	69.29158312
-114.5723064	69.59638011
-82.76931053	70.43741081
-76.26986459	74.51593917
-66.44067807	74.44616169
-52.64163056	73.23366819
-39.15233871	80.59303801
-19.55788496	88.5340653
-22.42458684	-72.89696425
-9.181192916	-61.72954753
2.944227276	-51.04443462
19.41944119	-45.29957355
19.21182273	-46.25636605
10.90639279	-40.6135066
-0.227166812	-31.80239871
8.046070157	-23.89982422
17.14673344	-41.78256453
35.34570489	-62.29462993
54.27856273	-81.37551055
51.22983449	81.55862156
65.28577491	74.70940866
90.12465761	75.81728176
122.4332801	-88.31933693
137.3751782	-85.86958237
155.6978567	-88.29661553
107.1153077	88.39976498
60.02504948	-88.71332948
15.10554945	88.69832776
-4.390770437	-88.20443046
-7.051539861	-75.65254889
-59.24826202	83.07934234
-76.14360251	74.62830454
-112.8026835	78.18354247
-130.4638142	71.11224865
-151.4747766	80.92127661
-178.0645657	86.98779916
166.3930052	84.09815431
177.8336898	87.13750887
165.049958	84.83931941
160.2783749	78.27449391
160.0338991	69.85110604
27.47444791	75.47743059
-4.051697359	89.51737517
8.621433588	-87.07323881
10.43072205	-83.3673809
-9.023197869	-80.28818031
-13.55383398	-82.21761831
0.802217887	-65.66908644
16.6979247	-59.15449039
19.15226912	-55.06240138
-2.903021971	-38.04302532
1.786273455	-31.89071907
19.46163918	-55.6595078
22.65838111	-53.29910866
8.531588809	-67.88466753
-14.92723592	-73.83863783
-23.21605008	-77.68361121
-45.85252974	73.16831451
-61.82844203	-89.308687
-62.60994019	-88.05199144
-68.75515052	84.55610514
-69.06886327	80.88919368
-77.74032512	79.48681409
-86.52670197	73.75827062
-97.58347465	72.31677684
-107.1563125	75.52718848
-70.78439308	77.19335103
-66.06083219	76.36436281
24.34331743	77.37930822
46.16035009	78.42087052
75.62892717	79.30411341
94.99354176	80.65791213
122.6480473	82.47993361
142.5507323	84.59072368
162.8536069	82.33865193
171.3563592	80.47666934
173.5737962	78.82783745
168.9166428	83.23208666
154.2875733	85.87642281
143.712656	82.0429984
143.7286389	75.91348417
152.3597295	78.54794472
168.3463253	79.20050518
166.4271945	78.64629422