176.7103293	-84.20316272
139.1136639	-86.67475848
143.6760096	84.80747721
107.45988	82.35278082
72.89928021	80.03485355
67.38563929	77.42300885
58.98613194	75.48936165
42.64811739	74.22832064
31.09144733	78.65785377
21.23165766	76.76789749
12.27127615	78.03249241
-11.99161915	83.43341198
-22.65122153	88.70983057
-13.66386234	83.50208069
-0.903294194	85.39792435
103.7792974	86.28128021
115.074962	86.40792432
126.8640503	83.26743838
136.893146	80.82140847
154.5645403	77.54102064
142.6869214	-88.88139764
135.8984025	-73.83740765
110.6357211	89.41039152
167.5007599	84.13812852
169.8448471	65.09227877
-179.7905405	60.88559015
-156.4345475	59.40904622
-152.2944975	64.08565988
-113.6694063	81.35362755
-101.803867	85.96839542
-81.78073725	85.13270648
-66.19415506	83.32386232
-62.72688891	84.70967103
-66.71261476	89.78099248
-60.41097315	86.15603503
-60.90406757	-87.8446143
-67.93757255	-85.80409737
-56.27697736	-73.21579156
-84.28590325	-63.39772019
-97.75165968	-84.30624242
-100.3481466	89.52462142
-125.9533284	-80.68608356
-139.7261774	-81.6158202
-138.1078901	-84.16298564
-161.9803557	-82.4626917
-173.9309519	-85.8451334
-167.812156	-84.24270391
-167.3141125	-88.73406387
142.3437958	-88.33213965
140.1622425	-86.45283024
-3.188828504	-85.00405097
-17.22460188	88.17479648
-22.38971065	-77.90388909
-13.68013827	-77.75131312
-13.41794373	-86.68729201
-19.90229885	88.65015597
-48.38309919	-86.42104129
-52.8167255	-86.01644628
-66.12339822	-86.15476956
-66.01853104	-88.60227878
-58.05690768	-87.66794596
-64.71396464	-88.62871025
-94.86980484	-87.21147267
-98.82104597	-88.19375098
-95.81417447	85.82712945
-61.09213149	-88.5991206
-62.26216811	-88.60584166
-72.32908808	-68.5714303
-57.70958633	-87.05318327
-65.23849697	-88.43038951
-73.77759751	-89.72419496
-94.51565508	-88.0130925
-105.2979261	-87.03281689
-100.7250492	86.70866768
-125.0247367	85.50188576
-120.8801817	-81.71472863
-119.3212376	-82.70198735
-127.1856952	-83.07526448
-109.7339332	-80.82189487
-54.97380834	-84.26284108
-62.25426847	-87.76682578
-41.41790462	-88.30181253
-56.95531845	88.96669996
-74.54036975	87.64003286
-63.99203329	-86.01450281
-99.61473827	-87.45036208
-111.4069888	-85.90491181
-85.49017574	-87.16788259
83.04794574	87.88020265
95.84529633	87.91468737
101.1151392	86.54006809
112.9074121	85.00391557
113.193855	-61.62729074
145.0234043	-86.29701128
160.779985	-87.95977309
128.8753216	87.19800534
128.7722103	79.82567782
110.2211444	80.95543872
104.8029316	81.77452264
88.15473375	89.19641388
83.59883018	86.69196759
66.42053897	86.28563811
54.4713792	88.15330198
31.61602807	-87.79348865
11.54454814	-88.09459182
2.946847151	86.87705592
-14.15697043	87.52800442
-26.37577013	86.80973512
-42.31610295	87.652821
-56.60975321	84.80220353
-62.21469245	84.59334459
-68.8412089	-87.17441446
133.595839	-89.4092128
128.2345309	83.17639869
139.1379289	-89.87706231
112.9177013	-86.08730667
143.4424058	-86.55440881
146.2896367	-67.811005
146.20807	-83.77102626
143.9467854	-86.13325432
174.256366	-83.36806995
-163.8575928	-88.52542826
-158.2912917	-82.40391078
-129.1453314	-73.47722912
-109.183267	-82.62308474
-90.47041256	-70.79971295
-90.06146784	-86.24297584
-75.20131086	-87.50398483
-63.74186165	-87.59627651
-55.73388833	89.14556619
-49.19768279	76.72870481
-71.97394147	80.3454283
-65.37652757	80.97047042
-61.65666053	84.64385281
-100.568768	86.6687676
-105.9845888	77.66945014
-124.8360164	78.45375352
-142.1783201	73.54877285
-157.2102064	73.22254391
-167.6359695	63.31814194
-175.3166502	52.74886801
179.381877	45.6276125
-162.5023735	85.957486
-163.144164	85.18975078
159.5871688	89.41745715
144.1869656	-87.93321687
111.2298805	-88.29179706
107.6170205	88.07171378
87.2410175	-89.80111683
73.45623943	-86.99094256
68.18036994	-89.76898635
64.37123103	88.29496116
52.4611817	-86.34441634
31.95798904	-83.81544572
18.03760802	-87.32250004
18.86795357	-37.24170486
12.31496471	-73.33872636
15.1326749	-76.91185103
-10.85700273	-84.14712412
-36.10189215	-86.56265066
-62.41280938	-77.75367678
-64.06943632	-86.76550754
-64.78037944	-88.00732154
-97.82902557	-87.61498979
-61.16997692	-85.26532303
-57.79558351	-84.61652932
-63.54007959	-85.01758868
-57.41852795	-85.99838239
-44.24668294	-61.86700013
-64.51573731	-72.17772363
-58.94029836	-85.71148776
-66.65979045	-86.02798498
-58.96922063	-88.19548317
-39.47676415	87.50533499
-52.36312094	86.94167798
-65.22129686	-88.15626586
-66.53616496	-73.87467682
-65.72645944	-86.64530119
-20.271526	-82.93693283
10.03070862	-82.72426873
41.78474901	-82.06632496
63.72890892	-86.33733606
75.66816962	-88.18079576
75.35847645	-87.87252201
113.8256179	-87.32841455
109.9021603	88.91301516
142.2667055	-84.95232721
133.5449605	-70.14452231
141.0135528	-83.16430143
79.3380911	-84.7838587
58.25520584	-83.91121982
32.38224073	-81.5456205
88.94490047	-72.65581621
93.70943968	-81.49044295
116.6393113	-81.24247777
121.2736002	-64.3126851
145.8109299	-81.60611537
164.3894545	88.51128633
179.2234381	-83.74630147
154.3294941	-85.77406859
143.0204569	-86.37677298
137.8587513	-88.96308718
117.5863719	85.51770281
115.8225074	75.38639313
106.7570162	83.59936441
145.4230504	72.92453154
169.4560727	74.79391109
-177.6116605	76.71953143
-149.2249042	59.10024184
-133.1345099	65.02655918
-93.36293224	67.04604905
-62.91974423	83.49719317
-54.68169289	87.66516478
-55.89447797	89.9002744
-66.88770069	-88.74160908
-59.63967884	-88.89149845
-40.55604725	80.27722493
-10.11607703	-87.54637768
4.031145987	87.94819042
25.66742781	-88.03728764
61.27517732	-85.46992117
68.8856123	89.40150437
49.40213813	-89.70065937
29.53968932	-86.66228415
16.5483411	-85.83536528
7.180270912	86.75975802
-6.588480536	87.13354311
-33.44357774	85.88072498
-53.34273877	80.43658056
-59.72541821	81.00431114
-40.93388314	77.79909759
90.72544151	87.32159801
109.7630843	84.14993361
113.4936442	83.87854646
145.439626	85.51052591
149.8616535	80.64038474
158.9380467	69.03794407
151.6285917	63.33081656
120.0393837	72.1073941
100.8547047	76.70786017
77.7192552	87.21568365
65.74393777	88.3589681
38.51697069	-89.45248718
5.656604449	-88.13571558
-10.26643964	89.43338503
-39.07827383	84.7873733
-56.67053814	82.82680866
-69.07493979	-89.75267465
-96.64804826	89.2941532
-112.6715409	-88.36874538
-138.8032607	87.56759716
-155.6352082	-87.18523822
-178.4956003	67.82329224
135.782467	52.27517287
116.2868642	66.50238103
132.1918358	-77.07455278
-135.7827527	-30.8955129
-128.6253646	-27.20709267
-126.2343603	-19.1016818
-5.846275051	-89.38419149
-18.5404301	-83.69529086
-10.36607435	-67.50358872
-2.41607237	-83.88432371
-2.405797138	84.2564642
-3.625309391	-87.66881401
-33.90475495	85.04961685
-47.6022826	85.34377127
-58.93364672	84.06998219
-67.73845673	87.7983702
-68.99417771	80.29063797
-52.33535218	81.91812582
-59.21100551	80.37868812
-46.00049706	80.56555006
-72.53601739	88.8388403
-69.52528804	87.63237102
-100.1368583	86.11940996
-101.165584	79.64009762
-66.8967352	-87.15407421
-103.8439649	87.62552617
-107.4582158	83.09937547
-110.0806904	88.94877745
-119.2805311	-89.21602026
-93.83546717	-69.60218951
-125.2980643	-84.091357
-123.2187744	-82.89194686
-130.6739636	-88.14400008
-115.6614395	-82.18278641
-136.6189374	-86.0066736
-145.7781442	-87.44148831
-148.2914719	89.12163251
-158.8707841	-89.67314281
-131.0391465	-88.20936001
-105.3226087	-84.15899777
-89.03238654	-84.05317542
-60.3389396	-83.86609369
-63.46198434	-89.11550838
-105.8404605	89.12442486
-105.9716163	82.36397793
-124.9063383	71.51995147
-142.8398301	59.26178698
-162.9819848	57.82989594
-167.6254523	45.88689055
-161.7073033	39.37983104
160.8999283	48.5622968
158.2699507	40.13327457
-178.4149652	42.89211975
127.6493671	48.51716202
133.7347936	59.58282929
141.5957649	86.03110798
147.0062215	87.00327103
134.0490185	85.73187963
106.2725098	75.69123536
103.0136693	78.09393614
89.31133971	78.58880247
71.64953182	74.70934374
2.788425224	78.44594463
-6.392276611	88.45260979
-20.52491232	-84.60842297
-33.06889435	82.69728305
-50.96006271	74.43563299
-58.77287226	83.28115776
-68.96129017	88.59587644
-74.19413837	89.61897826
-65.19680198	87.46964082
-51.51500967	87.26937147
-86.34792315	-69.90121227
-60.53266904	87.83105409
-42.85352206	82.21253868
-30.83308777	81.88739636
-13.20468412	86.33076981
1.423358428	84.94951052
18.18765826	85.93043349
44.03915239	81.48442101
62.22539048	82.26213623
72.12160915	85.33247571
94.17791957	83.76525447
99.35281126	83.50020916
113.5114172	83.61651136
109.8130961	79.82462827
102.8505733	71.36733033
89.81014543	66.45446706
118.8457114	63.27971216
117.3997291	89.76934037
110.5652131	88.06831917
129.9481278	88.11569598
145.6852787	89.41778708
145.2287553	77.9408886
145.7755577	71.38566619
147.4901901	68.6252916
129.9507778	71.01987479
154.656649	88.94985795
160.0978808	69.63616395
164.5041063	63.67555924
173.7276225	-87.35339305
175.1476606	73.47749713
-176.1243696	63.76700673
-168.3906153	61.26109952
-165.8221142	-86.22512071
-160.4951618	-85.54222676
-155.0230827	76.40019921
-152.0362811	70.89443253
-171.9097024	51.21793018
162.0094993	64.72546962
145.1106998	-86.76285682
137.0120107	-83.9706768
-178.6170157	-78.77533934
-167.1655431	-86.48851525
-157.6756036	-87.42097236
-129.266113	87.92174588
-115.5367025	86.98876259
-124.4839972	82.95881571
-126.1514963	79.22449146
176.940529	-87.22075577
160.0295814	-88.98138632
169.7605216	71.01009567
163.0049421	60.17881022
163.3465019	57.56676377
139.2279423	67.42021306
132.486672	78.13179427
138.3747854	-89.50380573
111.2861329	79.6054931
106.9425281	86.08104527
82.56579123	86.79372034
74.49620541	85.21383784
67.59751953	85.06353258
90.59076487	-89.98029152
110.1441493	88.38738662
143.402341	-86.34044872
149.9171987	-88.77402222
135.6819561	-75.78642024
165.4864877	-89.99628362
-177.1272314	-88.02892075
-163.2901917	74.830762
-152.0446264	77.8110852
-139.9417756	89.96797105
-137.1578723	-88.27732231
-122.7038247	-87.4119445
-117.0347575	85.74049731
-113.1478744	82.5547726
-97.91933009	87.40743051
-89.88207521	88.2863651
-82.82559336	87.95589932
-59.26266352	89.5746862
-53.22117244	-89.59385359
-48.86394632	84.68368088
-41.2950597	80.99405845
-33.71490318	80.89243
-20.67499595	-89.96396263
-22.21559654	84.22282907
-44.81398501	81.23078137
-48.51511117	79.12556411
-64.24700142	64.11512541
-70.95058187	57.53284399
-82.3771815	54.06015572
-90.22414666	-87.45511616
-90.40775326	-81.81828895
-122.1215798	86.24841774
-131.0949327	76.7558184
-144.207937	70.4683742
-159.9182756	80.43548215
-178.0676132	63.2417128
171.7640853	67.83848302
164.8699589	76.73852801
174.8341192	82.11389839
-179.7509621	75.40791093
-177.776376	69.1346357
176.217761	64.47970229
163.3922241	64.61289412
155.5578608	69.23211316
137.6268802	72.16406403
126.111113	70.4729681
120.882993	66.71233667
105.386182	72.89604145
92.91919314	84.03850575
85.10918069	84.94123432
75.81323487	84.17706798
61.34024405	82.82820037
51.34363785	84.49323061
-2.594247806	-85.87519136
43.40543578	86.83137458
45.31081716	-85.22948201
62.69172054	-87.49756984
76.55906366	-86.87263111
110.8725696	-81.43946405
115.8779536	-87.7487459
146.747642	-66.46008037
149.5614519	-81.19162827
145.3099631	-85.58004731
167.8762552	-52.09829362
-178.189983	-79.76296453
169.6393167	-85.78688888
156.9897783	80.93831357
154.653113	72.82383382
117.2764961	-80.0336832
108.3639194	89.45764459
85.25259881	85.61859618
145.5356167	75.9490357
173.9041735	72.10482101
-160.2377021	73.51858465
-148.5355967	66.78326618
-156.4887966	55.68433731
-115.825537	78.24437819
-102.9022686	-82.55100603
-78.99876489	-85.70670772
-62.16375361	-89.58929416
-90.46039603	-87.24210301
-68.8147807	89.13985084
-56.87818959	89.73162919
-54.75818096	-77.32586146
-57.70370848	-73.8011878
-49.67689923	-73.69515652
-82.01644093	-63.24245062
-64.93630943	85.4697624
-90.52910645	-83.02789681
-103.0542131	80.57398966
-122.9359355	-85.25360099
-159.3674057	87.5226408
159.1782234	89.60298798
119.9651221	88.62787252
91.9096109	89.56148275
61.38899617	89.66765183
19.56508094	-83.57171185
7.239484755	-86.20399469
-25.10208448	-85.53831072
-45.10994249	-88.39984088
-43.62642377	-87.91033094
-64.24221233	-77.66100715
-70.53143501	-89.84623813
-95.38091519	-84.79047313
-35.05858129	-84.0657528
-39.92383708	86.05547785
-39.43257947	80.12812397
-15.18351891	85.22887668
-177.0824445	84.29175117
-176.399085	85.83405978
-174.5364124	75.02698804
-177.2566606	60.8563665
-170.0989268	89.46131913
-128.2375762	-86.15590268
-113.2177841	-86.55140433
-94.38739281	-85.04469439
-72.30451538	-87.68458253
10.15988298	-87.46594356
-75.10915745	-87.32995771
-106.6669779	-86.52044212
-179.7728254	-89.55645772
131.2462677	-89.42123577
93.354228	88.01806352
34.69242041	-88.38154369
5.118516755	-84.79148246
-15.41377801	-82.3550659
-32.68462587	-82.65576306
-35.34437262	-78.97315984
91.85507125	86.93963852
100.6928088	-88.88035872
126.4770771	-88.41854685
-2.299490119	-85.82229489
9.579329104	-86.67381915
-3.59387509	88.8108251
-12.34929649	86.5087144
-1.052302139	83.98395693
14.38791115	88.5595082
13.74258205	-87.74790582
21.52856898	-87.86689757
34.3830131	-89.02925392
52.6202703	-88.30317207
41.88561171	-84.53095676
68.08671531	-89.76691537
71.35432437	89.70487354
87.10997019	89.12590816
69.63733975	-89.36736491
110.9074879	87.41595821
107.6200362	-67.06795178
109.3181281	-59.91986098
109.7101489	-52.758998
118.7243501	-72.24161815
122.2734841	-79.00300627
118.6229258	-87.44362886
145.1310884	-88.29857454
147.2848515	78.21497013
156.7891521	71.29843218
133.1469277	73.18699817
164.4018517	68.32921125
159.3220556	71.04003914
143.2564454	-79.78857607
155.4363406	-81.86310138
-169.8099998	-84.7125589
-163.2476922	-84.8003014
-162.2999308	88.53739646
-164.7335663	87.55755671
-155.6318505	80.16059808
-164.2950405	79.57075589
-156.2594993	73.72953839
-153.9608243	68.00939927
-136.6373961	65.0506394
-159.3684498	54.99217401
-163.7220667	47.97899514
-133.4153312	63.74777651
-116.510777	66.38400275
-107.5729028	64.84526184
-124.95944	-78.68047544
-99.43307731	-83.0170137
-94.51148096	80.63420605
-87.80441848	72.84111632
-82.71421082	67.50310998
-59.10891025	-89.09649881
-56.52532771	-84.98420618
-59.37136782	-66.02059837
-88.93367432	-62.28390203
-59.60521661	88.2520714
-50.54715925	85.09961109
-38.68395535	82.69603487
-22.70403896	87.48962007
-17.41114365	-88.23632452
-9.596628577	-88.8879286
1.291996271	-89.8364008
9.308262447	87.14900793
-173.5074305	-84.1293782
-129.8346207	71.68236108
-171.4197924	-83.70786431
-168.2011313	-83.35870888
-135.9691079	-84.13746997
-159.8061554	87.74736401
157.0802754	-88.35393209
138.5370721	-87.36863533
105.820809	-87.41412045
109.0285479	87.99146527
147.240988	-84.51901314
135.8420091	-68.05468548
110.0545368	-77.33649016
101.943904	-68.68204869
111.2689393	86.85094119
153.0904279	-85.24171697
146.0330526	-86.97297716
165.2158116	82.29023711
172.6923308	73.21071596
154.5900336	83.01642225
-150.3994845	-87.09436183
-145.9572359	-82.05864779
-109.3507608	-83.42684239
-86.01521431	-80.50036488
-81.58542484	-55.4577123
-88.65414575	-36.80163301
-49.84663762	-78.98187276
-53.88542479	-88.71900424
-64.89226659	-88.97985653
-58.97949864	-79.46529891
-12.62137186	-83.1757307
-14.32181774	-83.73126926
-8.373694961	88.30313882
10.7814668	-88.21287404
9.448765783	88.80325469
3.065826851	85.49156215
18.43707895	83.38758727
9.748135388	-83.7256344
4.810237458	-84.81500472
-23.1707252	-84.20229779
-58.15697964	81.628976
-44.96628973	78.8602247
-92.32781559	-89.23808987
-99.61876237	-86.18143565
-90.79271071	-84.68352725
-108.2717769	-87.28305576
-86.16508297	-85.87259825
-89.72496672	-84.87312717
-83.67580354	-87.3788393
-91.52043148	-64.08325551
-131.7200777	-86.95951621
-132.5619432	89.15442172
-126.1577259	-84.93173401
-156.4571334	-85.33335739
-169.4552167	-84.50946664
-176.6662705	-84.91825604
-168.7339546	87.86741229
164.3665538	-85.83276269
143.4388652	-87.38765574
-1.919271802	86.27333663
-16.80217517	-88.57259557
-19.08892103	79.64687282
-46.69615297	79.63306019
-64.64776915	73.70390837
-64.29583838	-85.59381932
-64.74043227	-71.79315317
-91.86695388	-67.80217211
-94.34627245	-89.52353518
-71.47015604	74.87776784
-52.96506084	76.09854385
-63.5277196	-89.10834417
30.92900551	88.06196582
45.60724154	-86.23148659
74.53011463	-88.51458322
99.75863981	-88.76905523
116.2403225	-88.92110801
147.7846442	-89.52896384
131.8697102	-67.49321379
139.2376617	-68.25513542
145.1461668	-67.69085232
145.4006186	-86.93001677
143.5806963	-80.44192179
107.4752594	85.42710593
104.7905672	-64.69862137
137.5266437	-73.33083901
144.0949068	-84.82815629
106.5873867	84.43744168
148.996724	-85.21586472
144.3213273	-87.55214105
-161.7233703	-86.84767862
-129.8462801	-87.36884098
-102.2892676	-88.05913372
-82.11608448	-86.39762374
-77.89156791	-70.34437194
-62.24711944	-87.63937768
-63.0472626	89.8008346
-97.76464112	-85.30844075
-100.2851502	83.86378415
-129.043877	79.97346537
-140.2277434	63.82395584
-172.398209	52.88818881
177.8765284	44.1286971
148.2733448	56.79457623
132.2499591	77.80000177
116.3894096	86.10280085
95.5972325	84.48762962
83.88276135	86.56938571
58.59344153	87.26986581
59.7552132	84.75427672
136.1482411	-82.53079096
143.2070293	-83.775778
134.6606709	-67.29765778
101.8157411	-65.8432331
135.4326159	-66.99065403
132.7525118	-68.43163757
143.8686849	-84.08611766
-4.885082826	87.94645257
-4.983043856	-86.17456592
-28.28116082	87.62213401
-27.86462244	-85.19040273
-57.7846677	-85.38644175
-63.61863006	-87.30616222
-67.77710428	-86.38830457
-65.38673391	-87.63910919
-58.62547655	-86.88690423
-72.12829303	89.20764285
-47.07073338	80.94922752
-33.46590011	83.01718777
-42.94262013	77.73961839
-47.42118592	80.66450759
-66.75445478	73.49792102
-78.67661864	57.866855
-102.7469275	58.30499332
-109.4987642	65.44363263
-108.9523992	86.41555105
-93.57686048	-82.59208716
-91.23902462	-84.36040075
-85.61624458	-68.71618875
-89.96636318	-63.85914775
-49.36502108	-61.94260092
-50.12808181	-63.27327621
-119.3074857	-85.75024937
-117.57024	-84.20805258
-140.2519353	-85.85641824
-134.5107633	-85.69806297
-142.8909506	-85.53965094
-169.3320903	-85.11535788
-175.8687528	-86.01749364
-171.3749874	87.50152385
-166.707826	86.56637761
-179.5728583	69.54837709
155.6997174	70.34570926
134.8557999	-86.6775024
114.1922563	-84.30244306
103.0586677	88.33101132
101.4865836	89.37349457
61.888082	-88.3215196
46.76002283	-86.91373736
28.41625204	-85.2626501
112.9363096	-87.83494311
104.4512579	-71.1990873
101.2650417	-63.17032355
104.7627706	-57.6971523
137.1013169	-67.83605854
140.6631014	-85.10707622
132.552732	-66.95036427
142.0533518	-84.76527003
107.313035	89.17447003
104.2408853	88.08722776
104.609879	78.95392633
114.0981825	72.18088218
130.7621837	76.8142162
133.6864252	67.47392585
-161.9253036	50.70875268
-173.7279662	65.38021907
-158.7495595	57.13902806
-130.0834132	37.46864455
-61.88522527	12.56913524
-48.42710752	10.76426327
-157.0125074	19.52741397
-151.7471153	16.38478742
-145.3066462	6.28576608
64.86219659	4.388551902
36.52278665	6.295031623
13.29580023	9.926029789
15.45128734	10.82350002
-18.52429014	21.91683537
-49.28990761	25.90568523
-51.60518272	10.56325803
7.173949833	12.72516284
20.72532311	12.87298486
20.20567373	15.24168911
4.558794046	12.60298602
-169.5761658	22.42188793
5.044183346	17.36462586
6.0055299	50.3703648
49.37986102	78.71844163
43.31705544	-88.3186031
59.64502829	82.3639004
77.63352837	86.9054731
100.1115208	86.00073844
112.8070274	84.32695292
111.856693	86.57398905
147.8676668	-87.48655819
145.1773444	-88.53217876
140.9952339	-73.50524854
138.8660133	-64.56848235
103.3198573	-57.39760175
92.34422397	-43.42426857
106.8643513	-63.86383871
109.4526291	86.32910522
129.2364237	86.33479053
133.3257521	76.83605098
138.2425626	65.28487901
150.6787887	51.04310575
173.2136211	41.52829269
-177.619056	33.54295929
178.3651359	26.25300857
172.8491212	11.90263102
-3.304076021	-84.83824923
10.33727081	-78.12151065
-2.81657239	-83.44393897
-31.28658747	88.5110487
-49.5540634	84.0082771
-64.03774325	-86.33793682
-65.41085076	-87.03543792
-96.59937174	-82.29373203
-106.4188449	-87.75332333
-116.10393	88.22062274
-56.17192743	86.77973529
-53.2667504	87.16884204
-47.71666144	81.87327276
-33.60604459	77.86441626
-40.83981118	78.19888428
-32.89220382	82.90273723
-17.76622374	83.34209925
2.177754881	83.89488718
11.55216102	82.40913533
28.41071745	87.23810674
17.51607433	-85.55323114
51.73083764	83.32608001
65.82995847	83.49559388
74.56999243	83.78481716
90.93118088	82.21012602
99.85500963	84.39312951
105.3683804	79.90234655
115.956352	83.64956227
145.9766963	84.10818065
147.8374302	86.82096941
158.8923639	82.8490436
162.1619205	75.46256508
147.0034332	-84.77548183
157.1467286	-84.86806558
108.7039735	-80.89972707
106.5300249	-85.9259747
105.2093502	-87.87772691
91.45276648	-86.15759193
122.6311257	78.22145644
150.0681098	78.34691579
157.9925999	78.23342405
154.7216394	75.12079955
167.3168126	67.21972035
179.1563989	55.44788131
-152.5958098	56.05864626
-132.3943639	63.84215803
-117.0236598	72.59771714
-106.004289	80.94214345
-90.05489784	84.25748344
-77.91762752	85.79917746
-72.9512595	78.71080036
-56.22762784	-89.92996364
-55.73527928	87.59509603
-62.51213539	88.52018421
-92.03281132	-84.09145183
-81.72444649	-71.03685992
-81.51087996	-68.58565423
-121.6253703	-84.67995678
-108.1523569	83.89349304
-124.4617944	80.23516554
-136.9913499	74.08048241
-153.2634048	71.05813665
-164.7600107	68.8652944
-173.1693486	61.57457871
-178.302277	57.28376087
163.8493687	63.01747313
162.6456046	66.19528483
158.8396606	71.74709021
133.1069203	75.7054836
127.4408728	79.62465307
140.4832191	-87.51757163
114.2732045	-89.00950252
107.8102873	79.80278109
98.93845925	80.23293216
168.0426202	75.33467945
164.7191268	88.6182201
138.7619794	-87.23111879
117.9765328	-88.45969231
125.27208	79.40081831
135.1204595	74.9537966
156.0189915	74.34164673
165.8059316	69.39567129
178.7385709	65.34315556
-155.7040755	64.74123681
-99.7701543	83.53599359
-66.9848171	87.96134854
-56.83645231	89.63569976
-43.29662554	82.91614064
-27.04670095	81.43136541
-17.21704117	82.13130132
-8.192249748	85.4046904
5.514892044	-84.96249129
2.842709333	85.40419438
-32.01982513	81.19785231
-46.15175555	79.40023067
-52.64052707	83.24843196
-66.44388715	-87.19640334
-84.98416342	84.08111077
-120.1832154	72.29370569
-134.3705514	70.8216292
-148.9682059	68.18588033
-171.1906551	67.5281781
161.3432457	65.17706795
140.9546093	67.98337105
123.0299659	70.98642487
109.6259011	76.33647273
97.49510455	81.24837922
86.99293337	85.8031224
85.04072543	88.00613067
69.43312943	-89.82161225
107.5148082	87.95966509
65.60019682	87.57938669
58.46223459	86.67196231
49.76500153	87.00858432
106.0987284	83.70729682
127.1346874	-87.11158322
139.9407009	-85.5975698
106.9765002	-88.2236684
57.51451517	89.5744932
57.58819198	89.10084594
50.4587797	-89.68744509
46.93310923	89.7553635
59.41845802	85.00812751
112.3404926	84.79460947
122.911019	79.68453733
135.4383227	78.15757855
153.016671	81.11409412
157.4740466	-88.44612667
167.0603288	-84.39107581
138.0774086	-89.65825035
137.8795006	-84.62023875
-176.9189515	71.7159679
-163.9309167	73.25602495
-161.5181641	88.50607442
-166.0862337	87.94487403
-151.7524803	-83.1247836
-144.124456	-88.32474472
-135.3321541	80.8051046
-131.2052291	75.80812741
-137.2692154	65.31895264
-154.8466904	55.89620989
-167.236221	49.83336879
171.5741301	52.69284294
-3.219570091	-83.49800982
4.73850307	-81.46165155
15.85722024	-80.73751261
6.307090361	-85.17074144
0.234921738	-89.99335994
5.112741618	-86.61923338
-26.50825189	89.94789974
-40.68458392	-89.98466488
-50.64800665	86.12994998
-63.40063379	88.81704688
-66.02738229	-85.28113139
-91.80623662	-81.0592892
-105.0192396	-81.17152966
-117.6051018	-80.43984792
-126.8979625	-79.48406833
-63.10656903	-87.75883226
-61.93796407	-87.65243342
-59.38220617	-86.55039624
-117.1693226	87.36257606
-131.5785571	83.44055655
-141.395306	78.76227016
-151.9669051	74.67614033
-159.813715	73.46271048
-149.0738842	-79.48081216
-165.2072434	71.53264707
-168.3851833	73.76117293
-167.1542381	-78.88589136
-173.2559997	-78.72589886
-165.8316383	-79.10710481
-169.0724837	-86.97499
-129.5361392	-87.65049779
-116.687344	-87.25842116
-106.6552014	-87.72939715
-89.64349043	-87.22169734
-84.28252464	-89.0363346
-73.08562234	-89.49614912
-48.64172486	87.30883797
-38.33366036	85.8014779
-44.49439533	81.90982542
-47.72291933	85.25307375
-15.39436271	-85.81821712
4.527266674	-88.73900858
6.194107857	87.33735146
21.99579317	-81.28693181
54.89611176	-86.62366797
68.71268471	-86.76414055
74.93662167	-84.63485339
4.9087732	-63.19809614
8.409223976	-72.45555104
4.388857949	-78.01744968
2.886618616	-86.913779
1.516226533	86.04685139
8.834478353	-87.5099687
31.3674828	-86.5352467
40.62785161	-88.57684839
50.8766679	89.05044376
63.72417965	87.88135908
72.56723749	86.50561937
92.77659646	89.57873431
109.2903253	82.29456526
113.7321456	88.75773241
131.6053676	-87.00759921
144.1608377	-86.7010915
138.86934	-76.89163031
122.5751413	-65.05733282
108.5313925	-66.71986594
122.2517763	-72.18280038
141.3165899	-76.35591413
137.6161236	-70.70821925
115.7590268	-83.19054965
162.5453077	-80.11618197
163.6094887	-87.60942905
162.3656801	74.84151391
164.2271707	67.85755976
166.525282	59.79180136
171.97316	52.90040116
-177.192844	52.02089063
-166.8525202	47.40140523
-163.4829796	43.24290119
-161.8955821	59.20253423
-157.6013461	68.57612953
-146.8687993	74.43634255
-138.7667562	84.90408672
-131.0608827	76.84190874
-126.367595	73.86798368
-121.8830908	-86.81069543
-128.3724178	-85.25516738
-107.3711733	-88.79068067
-116.8795499	82.14881755
-104.0997705	-88.26214798
-118.515395	-87.19736947
-174.7755446	-82.10269297
176.1792116	-83.69726779
165.5253991	-86.92904868
138.530756	-85.93287103
99.65399573	-88.72926804
87.19734022	88.72883846
43.95157123	86.29104221
-1.144384872	87.94788465
-6.570444724	85.80482564
-9.947932102	75.28009766
-4.326053448	-88.97394036
4.985110175	-87.64990879
-0.556621291	87.59474686
5.151559586	-83.58910203
15.12462825	-77.59497315
-0.124926978	-85.9905681
-18.34415845	-89.32547886
-13.20973097	86.88578595
6.134083347	-88.59108212
19.86556156	-82.55775013
27.67668807	-77.86457661
38.69260759	-83.1985405
50.34949451	-87.56118523
57.16895286	-88.96570868
64.36369993	88.77179314
71.12906325	89.76237473
46.09431159	-88.1292789
23.60788795	-79.56949771
32.48738965	-76.52091499
35.45297613	-84.66707796
3.527181275	-86.78731616
-9.359851531	-83.41976019
-23.21546464	-84.868483
-25.86406072	-83.56893233
-23.8779418	-84.01868123
-38.64006553	88.98582616
-52.26651137	89.25958146
-64.14811576	-88.26367754
-69.41228926	89.66618627
-84.20824632	-87.82228698
-93.98195286	-87.23601154
-88.16809538	-77.45072569
-90.02803415	-69.22440141
-90.30159573	89.50853662
-110.8149614	84.38238775
-121.1149948	88.11485993
-134.1194847	88.77355064
-135.2303923	78.77158401
-142.8313152	74.20142038
-146.1346666	64.33730572
-162.1329259	75.39410817
-169.7358631	-86.36009385
-169.4455003	87.74917381
-175.6616471	-86.98848695
172.9533915	74.19863357
-173.574899	-85.3973371
179.6132704	-83.74480777
146.8065028	-82.52231342
137.4262504	-83.70260774
129.6413347	-74.88867429
108.78367	-88.6707772
107.7903216	89.83451907
116.0965861	-78.05361124
148.4202093	-87.23389292
162.1851391	-84.75104155
175.6419641	-84.67766119
167.6828868	-82.74130332
-175.8222398	-84.33352697
-179.0609193	-82.98063266
-128.9484858	-82.88214014
-103.6601587	-86.06550382
-81.09661998	-87.43662965
-66.69811997	-87.28700827
-59.66368459	-87.95200872
-57.07144488	-85.4600516
-82.73574775	-68.06122836
-91.92399969	-64.60114534
-76.41092029	-82.08323284
-61.82543924	-89.82819923
-45.02773692	87.58794779
-17.65190339	-89.81720031
-17.06512145	87.74337581
2.803343003	-89.35754282
14.12635601	-87.50167225
-102.9511834	-88.12421986
-112.5008034	76.12636907
-126.622065	78.34885378
-145.6351914	-82.06152776
-157.1252101	-76.13735829
-142.3753557	-83.9859052
-96.18820111	-89.53505768
-85.59798013	89.1640858
-73.45231464	-86.54551363
-79.70025236	-71.7769873
-88.27112957	-67.00450705
-78.55869401	-58.48512579
-100.5120328	-55.41429436
-131.6996165	-38.45022202
-159.4267359	-21.83256311
-134.1779951	-9.596581842
-132.4133758	-7.025146233
135.6247635	-22.71154188
114.0756854	-69.44606222
105.8541634	-83.75869818
102.6822566	87.86879588
82.21305332	-88.18144839
69.27694529	-86.59459303
60.78260132	-88.85173401
48.61437506	-84.50297115
44.33651139	-75.71366074
25.42532872	-80.87367812
14.39334531	-83.25623137
19.01875087	87.4424278
-0.980734366	88.70293521
-8.066356821	-81.44225474
-19.5343039	-80.35164285
78.59698219	87.84348299
93.2569387	89.95124601
114.3333838	89.08082235
133.9803155	-88.26518889
150.7806689	-89.44305869
179.8499224	-86.48583514
-161.2301472	-86.01847072
-157.2939432	82.49117634
-162.9566103	86.20562741
-166.0826126	88.56773532
-161.8533024	60.99089869
-168.6180363	56.72037791
-143.0444584	54.60258603
-147.6642594	50.22162395
-165.2375481	44.85757799
-159.0767824	88.38092452
-170.7824026	-89.55143503
151.9400539	-83.70643584
139.0833163	-85.36509448
135.5158601	-87.49886411
107.5025692	86.66797157
78.21916233	84.79174781
70.39521374	83.46104005
147.3073958	77.52432581
163.864971	70.05367007
175.8684907	61.05051701
-135.1977988	-87.67868614
-119.0803396	87.90723711
-114.7001305	87.20575971
-115.9086097	76.70806289
-115.6526065	70.56157511
-93.97838192	80.80535573
-83.99771566	82.64979988
-74.93177395	82.05352655
-63.76043222	81.03808924
-82.37374418	81.72245284
-90.24854016	82.20142246
-147.4820493	-88.39713383
-166.4794821	-83.37407533
179.9232818	-86.08512937
155.6802865	-88.26458155
136.5822614	-87.14465329
125.8559872	-86.31629552
-154.7364215	-81.84681451
-143.1897348	-85.16893516
-110.1651789	-81.81931399
-112.1421616	-80.5139827
-117.2002154	-82.95414845
-64.49962295	-87.02757434
-59.28756207	-89.07992036
-85.94076335	-88.32180955
-110.3874043	-85.28679944
-92.21446626	89.7840011
-86.17337671	87.07375973
-52.77018173	83.7318996
-40.35662261	82.51561319
-40.48088698	79.70681055
-13.33422023	-86.9183075
2.174713158	-89.65301106
10.85795891	87.6161317
-0.009043938	84.42894064
-9.633521631	83.80409618
-22.39927228	86.32832169
-7.731963889	81.71842101
6.588670843	80.48607663
14.7298031	83.78151368
-4.707398273	-87.92912829
-24.52076502	-85.02436229
-66.00054793	-85.0196771
-67.33147925	-89.17425992
-72.59352378	-89.50900752
-65.03939073	-89.25740286
-77.29185379	-88.7246959
-63.69625835	-87.28969182
-59.01517776	-87.80853316
-65.02346649	-88.49696166
-35.30384032	82.19287756
3.349676634	81.99700372
18.47833376	82.60357315
26.49924711	88.00276362
9.683148786	-84.76541089
57.2669023	84.51088127
64.1471905	83.69041075
1.059991624	-82.11163493
-0.947619157	-87.37361547
11.74650709	-85.26621105
3.469720677	85.02848359
12.88766258	-87.40298602
19.1590141	-79.74371731
2.146184995	-85.81316814
-12.26755056	87.07663578
-34.91035811	-82.84959093
-64.91891111	-85.87920343
-66.77795041	-85.87871983
-59.57737907	-83.39391287
83.96894809	-86.07741785
110.9326069	89.77919702
109.3077702	87.40717652
146.9309259	-86.24412285
136.2776235	-71.15195763
103.5635407	-65.65534246
111.0504123	87.4706938
145.0891039	-86.09848068
160.3538039	85.36324186
141.4279307	-87.43652693
144.8966572	-76.44164734
142.4181231	-85.29630319
76.48988706	88.73579576
49.35932524	-87.60558097
23.7450527	-85.27140298
-3.508488432	-88.06411037
-27.19787713	87.6624479
-60.79378287	-89.28580637
-73.3310982	-86.72167245
-104.6258368	-85.63304836
-129.8149729	81.03125017
-134.6436821	69.19121248
-149.2085793	69.38120765
-160.1254838	-86.6119646
-146.0036194	58.20631664
-131.0515414	66.14994551
-110.0179898	75.44972254
-97.76599088	-87.09255608
-87.30178723	-88.27625709
-98.13723548	-88.87431604
-79.18563938	86.59436034
-99.72830255	-87.48321116
-73.94438335	-83.96756033
-79.11913635	-87.89358613
-71.08824862	-67.23231795
-62.42382798	-82.97403099
-61.01594187	-87.294562
-179.8023377	-87.52184759
-173.5673011	-84.82429578
139.2749757	-86.60057135
133.9443754	-88.13594401
118.9641959	87.28294275
107.9639044	87.87203922
77.33573154	88.95109396
67.25233728	87.24343755
60.80195349	87.56928357
55.79589175	88.42935887
44.61117505	89.85464106
22.37429709	-89.22941695
12.14669654	-89.46968439
4.799137091	86.31913997
3.109422735	80.37544015
9.491538944	82.90018956
2.318189865	87.07479876
92.2541318	-87.81196822
101.6959842	89.2505632
112.587499	86.17791343
141.0068973	76.57947063
157.4664715	74.1220309
168.7111048	68.49435465
176.7329504	64.08332293
-172.1477888	63.19944428
159.7034739	71.11031066
178.0551936	-88.37673498
-164.8784895	88.82442985
-130.8073774	-82.13955394
-123.0797026	-83.68810318
-113.2962648	-86.93535999
-102.6663108	-86.96077523
-113.4998155	-80.98544066
-60.20816573	-85.5877951
-60.99311675	-87.22675241
-55.16500681	-86.97247504
-46.89551081	86.0336052
-40.18384231	81.46689127
-37.43080349	81.39963277
-23.32400803	85.28001882
-2.47796363	86.03443554
2.895029234	84.57895145
11.66720655	88.50177311
33.69453669	84.15744755
14.22807333	87.82696599
-0.866626699	89.96937181
-13.87272819	-89.87755605
-27.14485116	-89.86420271
-41.52382793	87.91212602
-50.03278493	87.75083185
-62.83357056	88.57427353
-67.1419339	-89.26834046
-88.51368859	-88.42795885
-93.0480713	-89.8040771
-96.14391129	89.3771952
-110.7576947	83.85385787
-120.994843	86.30655499
-125.3615365	81.16861847
-139.7847252	71.24644422
-142.9495185	64.25184175
-161.5919506	59.78075447
-168.8959715	56.94783024
-178.148303	58.15176178
171.784289	58.1903705
168.8823321	78.18333312
174.0948801	-89.04053209
-178.5801664	-84.73572415
-173.9887303	-85.14159029
172.0026449	-76.14637079
154.4678698	-75.37186326
134.3064526	-77.35828711
-5.072698885	-87.02722373
-6.968805485	89.07205354
8.051641683	-89.40728
-2.331773048	82.74493397
-41.74412107	86.43032213
-58.78222688	-87.89636285
-65.34445753	-88.32984384
-44.05653995	-67.62830027
-44.40694283	84.00353989
-56.46592128	85.53083492
-78.15764703	-89.7088415
-88.37618836	-88.10275473
-95.05084803	-84.71113823
-108.439212	85.59745905
-58.44094084	82.00761226
-70.17665652	89.22700861
-42.97977792	85.90210104
-38.21721194	80.22380373
-7.196040361	-89.24052766
2.750525398	85.20599166
18.366976	89.70562855
30.23583456	85.650578
61.52593935	89.43340905
59.0142806	89.91560273
69.49145021	87.95114475
85.94307872	89.42632085
93.79877041	88.64474151
100.6991503	84.25287648
115.7608664	85.23223674
80.3198868	-83.31777542
70.7109439	-82.56094907
56.84887722	-88.90922486
18.36244284	-79.46281486
-14.09511202	-76.64443821
-59.05644073	-85.48618296
-62.50648185	-88.1180479
-89.23182312	-72.68620569
-108.3836421	89.88283947
-123.5187724	83.34847344
-135.4292708	-87.18942961
-150.4013052	76.90985092
-160.3303673	-89.31207337
-167.5756972	88.75789388
-165.3815555	63.86359431
-155.322625	57.46429068
-166.8569573	52.11025057
-177.8805569	86.64021586
-177.9906424	-85.24507454
-163.9053497	87.38625988
-124.8947656	-89.52342233
-107.5193853	-88.7715206
-84.89233026	85.481384
-71.93518818	89.55211068
-50.48554871	86.45594256
-46.9447186	83.94693917
-40.21462026	79.2589792
-61.4483156	-87.72049639
-65.90176137	-66.36861641
-88.87332786	-64.04323571
-97.71606044	-88.8317771
-83.94156567	85.17283241
177.8495369	-88.46575486
178.1393343	-84.44004907
148.5010774	-79.90785293
140.6532239	-85.07404711
139.5131666	-73.7773236
136.9734809	-71.51134075
108.2690638	-89.26461382
83.93200794	-88.08511514
68.30326497	-86.28012503
64.22823897	89.99376623
50.73313937	88.51804774
46.47121467	83.7055364
60.50081151	85.19767961
67.20838286	85.3105166
96.69515235	89.85840041
112.3555404	-89.80963552
130.6084071	-89.11304362
101.130297	87.91339981
107.0399265	87.45145514
136.6861545	-89.34500338
143.3119337	-86.47363196
141.3110855	-73.07251174
168.9718207	-84.26301058
-172.3383702	-84.47064627
-165.8019926	-78.96920168
-161.161599	-86.0841957
-167.3763171	-89.29495723
-133.3813098	-84.87512275
-123.3250624	-86.42540692
-108.012669	-87.20623616
-92.63926459	-88.29978637
-69.82044673	-88.85115082
-62.30191953	-89.19354146
-58.42574021	89.79986754
-44.37385791	86.79969003
-38.15280087	84.64295848
-41.70154414	82.73389128
-45.60136806	85.20226027
-25.62463648	-86.98014585
-5.584283727	-89.56581101
0.820010757	-86.24601884
8.528321834	-88.59958273
12.02112344	-80.3947554
16.97445171	-77.18565386
18.20296183	87.98521114
38.85395648	-88.92490547
53.4360437	-89.0088326
58.03994216	-89.97808728
65.44203727	88.60298341
40.56732795	-88.30793232
23.0870477	85.50057414
5.261414397	89.04052312
-11.35795346	86.28165765
-24.60449191	85.58130426
-40.71329275	88.49726328
-50.96407315	80.20110975
-62.53943581	-85.35935941
-67.07010766	-88.70585503
-92.45169516	-89.12259097
-109.1065415	-87.6251124
-89.45497105	-65.54593626
-110.4029796	-81.69664713
-126.6180409	-84.60502565
-135.0932546	-83.83380676
-124.2157581	-83.76443691
-126.8153182	-85.18261457
-145.8215683	88.35560391
-159.8330382	85.54761834
-170.9671166	-85.06294649
-178.3276905	-85.36432581
165.45683	-88.4274506
162.4738722	-89.0021989
139.9451304	-86.94061156
134.1305549	-72.32435461
108.6867455	-89.15014939
104.8990263	89.89929502
82.97144662	89.11700686
101.0722571	73.30265403
105.505103	68.46491916
128.0794507	67.26360127
158.1871283	70.8454717
165.7314774	61.26430441
173.5048016	54.12278705
-164.6528498	49.1125774
-176.6104884	59.18024881
160.1301042	63.05902662
104.1723242	70.68247537
89.4638279	68.26391018
61.22458842	68.82611944
42.4033784	78.79739026
19.54814553	84.28815595
13.69490423	-88.42533036
5.508692268	87.70797307
2.754083676	-85.8792778
-18.05462487	-85.18248691
-28.54076901	-87.82260248
-32.43773145	88.53002173
-49.82068261	-74.97906909
-60.14133177	-82.589702
-60.4591429	-86.27063891
-45.91017979	87.38143353
-34.09332517	-86.79767814
-33.65004288	83.00729501
-17.51676889	83.87287548
2.77722564	87.14093482
10.37503854	-87.4131467
-154.3366676	77.12450953
165.8561866	-89.21223519
139.837986	-88.65915443
139.7074066	-77.20985319
157.6151632	78.84349597
-178.4355874	78.82008185
132.4028212	81.72185431
112.3593523	88.35956536
107.6236315	86.36436614
148.0490044	-89.12089619
134.9239087	-76.92531842
113.4288139	72.57058469
132.0574371	74.10926911
85.98927392	85.79778339
60.2100017	-89.17347969
28.07581253	-88.90605993
-2.103609595	-89.57369058
-68.20591496	-82.39320916
-64.4981993	-89.03048938
-98.89475177	-74.83561464
-94.72870119	-67.44858262
-109.4745236	-87.64462174
-136.220856	-89.98001649
-134.3698451	-83.57608806
-144.669376	-87.79441916
-129.460503	84.50911767
-146.3981287	69.13981175
-164.1696562	57.94129048
-168.5383875	53.51820427
168.6573423	55.43172075
158.3956889	59.96497191
142.4929592	64.88834949
129.9167523	66.23402257
125.7413149	65.31336982
160.7138694	67.7750136
171.4295764	64.75821602
163.8897059	68.45683984
173.5617048	89.83031473
-174.8259927	63.63574988
-156.0177255	64.12026286
-156.0505882	51.47698533
-158.7589645	62.78474475
-129.2388825	70.31692846
-110.3069295	70.7351817
-115.7693348	76.56698722
-110.7788734	85.05411309
-99.72823988	-88.44238097
-82.79429702	84.69689339
-76.90721517	84.01415975
-87.8755895	89.95804554
-83.47564918	76.84368592
-48.26602712	89.16909897
-61.32629967	89.44895738
-11.11239225	85.76813654
70.11158278	84.19081253
117.6914567	73.88733893
141.4198907	72.73851414
158.0424984	69.01582792
144.4859103	-88.59129336
156.1605577	69.1197613
125.4434146	73.80253111
112.2145147	75.49464749
107.845543	63.44966038
100.965211	66.3437395
110.5389977	-88.16812231
3.372803962	-85.37314865
10.77901012	-81.73222154
41.48052658	-80.34181996
67.18296771	-84.36500366
77.54356831	-86.54014874
112.7165224	-84.91507122
114.6211034	-88.02996925
134.5017243	-81.2085774
149.6979579	-80.19298688
144.9934704	-78.48168602
145.2751036	-82.68115656
145.0807213	-76.02342494
166.4263287	-83.57827041
151.0030915	78.69612664
173.707069	-85.16816797
-169.3637836	-79.46032008
-162.2142746	-88.2514469
-127.3699178	-82.20302224
-121.1267324	-86.93245528
-128.103849	-84.33453811
-135.5843194	70.66091791
-155.5820848	61.74210387
-169.4626802	55.13050818
162.4115249	58.37888899
-175.1101209	58.0323492
-160.2676192	55.41478013
-163.3030218	49.48108282
175.3047902	51.67712293
75.47431794	88.07539
57.83140021	85.36999842
27.11335728	83.24452167
3.434903474	84.0336691
-14.34396803	83.58365043
-38.43685167	83.32068818
-46.90333842	79.81256046
-72.71768619	89.41950803
-65.23976342	-89.33352444
-98.50328754	-88.8492914
-96.6152474	85.42083039
-69.66811374	-89.60279121
-34.17718718	83.28046924
-20.53072882	81.30045263
-6.267556464	87.08076343
8.893298498	-87.7517555
1.066010817	85.20164279
63.3328855	89.7898724
66.489059	87.70278707
51.59092916	83.70762952
49.20291113	-87.37234998
7.45235757	-89.77316681
148.3350693	78.31903361
179.6484807	-89.41620205
139.2839641	-84.22678175
113.7974158	84.87618522
108.7062896	-69.27029153
98.6351431	-66.33653397
107.9312182	-87.53211515
111.244863	-89.20860558
70.4242617	-84.45252485
64.78517936	89.13550708
51.85892494	86.96603572
42.29481797	86.63523319
31.89124709	87.53447463
16.89494324	88.83604306
9.28322585	84.84464688
7.897132919	85.99080326
18.30305801	-76.7069829
38.28198488	-89.36102526
110.5785502	-86.46992556
120.1845617	-87.76821394
144.2169311	-85.86937224
155.2764671	-87.95324079
161.0025451	85.91012382
-173.3564663	89.59011694
-162.8855284	88.61096563
-154.0859066	79.8951656
-153.4296566	72.27825346
-139.2085961	68.17011944
-111.7073922	77.80808043
-107.2221069	-84.19440577
-85.36728059	-86.66535606
-74.57299922	-88.16698811
-57.1557991	-81.20878653
-61.42281119	-86.2276471
-32.4906118	-88.78685803
-36.91935933	-80.05661783
-49.48371759	-67.19974627
-64.83235178	-88.70257115
-57.9518914	-86.63236813
-18.44097799	86.18579857
-3.821739341	-80.87252911
0.469099132	-82.45716807
-92.07926357	-87.8159481
-80.70690317	85.62598357
-76.31560575	80.07765348
-39.42700176	89.68309514
-32.19385005	85.72342616
-7.634382833	-82.87269762
-7.182335779	-84.7817281
-37.71182114	85.23452271
-36.33449478	83.85289713
-48.40808345	78.87267646
-61.27010506	-87.88542019
-66.21422229	-88.95698297
-80.31766719	-79.25273883
-63.94729133	-71.09129189
-91.57587539	-67.55630819
-87.1587141	-80.55479304
-89.95764134	-85.20212864
-60.26768933	-85.88198021
-55.80718145	-84.74388123
-58.784479	-86.27118837
-66.46450769	74.58459078
-81.43928876	69.58494687
-95.81072418	59.11293502
-96.45812543	57.41011
-107.771761	-84.90484022
-88.36587923	-76.55680064
-57.10922879	-67.82865067
-58.19224165	-84.45525606
-107.6885845	-87.84768777
-127.6549477	-83.20947962
-116.5008389	-85.62902679
-98.10011235	-88.17034499
-136.6492974	73.73650687
-151.1634692	65.81360719
-172.8534984	-89.05848598
-167.7575819	88.46377605
138.2299571	-84.44240482
136.9051458	-86.16644319
124.7179249	-87.25142962
105.8268616	87.36745287
109.3138575	78.88958533
74.29202748	-86.74273649
35.70045657	-89.98857777
16.84470872	-88.11594962
4.519795666	-88.07056446
1.716094965	87.64106763
-17.60520165	85.60284868
-29.76422653	89.92877733
-42.65805413	77.35233625
-62.25114634	89.59630204
63.76693388	85.96061542
107.4539846	85.74149766
114.3689617	81.33775315
123.0777384	73.71816109
133.866264	69.73975934
148.9600312	67.23162615
167.157455	59.71179685
169.5168496	55.38382544
-163.0846818	60.27482495
-151.5604927	58.81450592
-131.249625	63.9920362
-177.2940212	87.19438021
-171.5329366	-86.20711773
171.9972568	-86.66410781
138.8457858	-87.62628161
138.9698847	-87.44200322
108.3556738	87.60034025
106.9469973	87.80052088
80.8739322	88.31508889
74.37522724	88.66563873
110.3361441	88.75869022
142.5705079	-85.75135839
144.3562814	-86.69308448
143.8146527	-69.52973195
142.136147	-87.20760671
161.2316913	85.54013566
161.4515853	78.95392764
162.9667042	70.73858939
-150.0050236	67.20223083
-136.6173119	66.12276643
-117.4197981	70.51508065
-90.29840011	84.76599424
-78.1942398	87.74698262
-60.61165026	85.91877486
-50.56821473	86.20560546
-54.77065117	89.79645145
-30.83783488	83.84806933
-13.48036818	-89.47979731
-47.3333072	87.80444077
-52.36080874	85.63531546
-42.46355426	78.52598832
18.64290867	83.1483544
30.55275905	88.06889403
45.73625626	89.43365709
59.21769664	87.13999256
65.36787183	84.85618047
78.52655714	85.03465045
92.76983833	83.97947567
95.92469625	80.88751943
68.75326907	85.68451394
101.5035621	-72.04204749
114.5839908	-63.49810927
108.2967442	-63.45678185
107.6637427	85.80267851
111.2089837	68.62145794
55.28565342	77.94958251
20.26772321	83.13479487
2.744870984	86.07202892
-64.55268323	-84.82045958
-64.4065521	-88.60460892
-58.9367677	-87.80626409
-100.399031	-89.58644247
-28.23609864	-83.39789045
-62.89733637	-80.07867336
-67.95131611	-87.46620784
-84.47881423	-87.61093062
-92.72323416	-82.37275711
-108.715802	-83.05224472
-115.8488452	-88.56751302
-119.7006425	86.04864653
-67.55120809	-86.99675398
-61.73615498	-87.98519819
-66.87540602	-68.7663348
-62.7617721	-66.16451653
-58.9184121	-86.78289651
-89.11882938	-64.31785489
-70.19906129	-86.99421328
-60.45575397	88.41074126
-35.76564024	81.78972924
-13.0241147	-82.6254159
9.881527575	-86.34568858
21.96327489	-86.81563502
35.97978284	-79.47950372
45.97760068	-81.78589695
28.6855622	-75.73652523
64.05042846	-84.41160437
73.89715177	-85.99283008
74.34562277	88.48904524
103.9128697	89.29829952
110.6611415	88.80563404
104.6937549	-72.12396253
102.4295665	-66.10028227
100.3023558	86.51366204
82.24008287	88.29441766
65.44102311	87.64216403
31.5360868	-89.53830092
-3.213068791	89.95535358
-16.59743606	85.9396202
-41.91743427	83.65143097
-55.19813729	86.79427958
-67.57134347	80.87205715
-75.57918258	74.94133538
-100.4452269	-84.69389683
-117.7816755	-84.59661714
-135.1951952	-83.56016232
-158.7731408	-81.47106142
-174.5925219	-81.47174523
-173.7912525	86.0990842
164.328372	81.20398695
157.4420125	73.53494337
136.7748267	-82.64281887
130.4346526	-71.02888923
112.3384514	-64.97584838
101.7432882	-84.20145114
114.3425838	-58.95870114
114.8346977	-53.56966841
145.9280733	-63.77324104
126.7368637	-66.35218559
108.0166144	-79.74192658
106.9540343	-85.67374733
137.7087974	-87.5163032
140.1924432	-87.700508
178.2691482	-84.52180555
130.4790688	-83.96443493
138.4296486	-84.63899921
107.2499577	87.67750614
77.65289226	87.75771502
63.32371207	85.94696664
44.38829053	89.10820663
27.77171857	-88.7832588
7.330215883	89.91167241
-2.783106145	85.08120132
-30.54137192	86.59397755
-49.79060706	81.66324438
-65.90790563	-89.01674618
-96.04288352	-87.14973851
-115.0807331	84.35170869
-121.1146552	79.68252351
-134.0085855	70.11097284
-122.3291406	84.70652275
-130.8462343	-87.29595326
-77.98621181	-89.35205178
-60.83510658	89.98503845
-65.46159346	-88.57278496
-57.74384152	-87.87987968
-39.78650707	83.53506887
-38.4545659	79.39713556
-54.86524478	-84.69621599
11.98938422	87.32235363
23.13942777	-88.79421949
40.93847907	-78.27501712
65.39969978	-88.51545143
74.61551208	-87.24075069
110.3308034	88.1993079
145.2277759	-88.76248652
133.5492384	75.92013777
146.7905837	75.66487636
161.4039558	71.68331864
177.612189	66.68720385
-160.0220849	64.24754098
-141.424712	64.69155357
-126.6048877	66.7391534
-111.7897339	73.42697669
-101.8586104	80.03107223
-107.1595121	89.73197587
-167.1972012	-81.04773154
-175.6351828	-82.68791148
-174.8808327	72.13460648
-178.1476958	66.02508693
161.423796	70.55805636
149.4908322	75.79437115
139.2302226	-86.20387194
137.6466984	-86.76907735
134.3756086	-70.8756318
-2.652469981	-87.80208344
7.989137822	-86.10218108
-27.40063311	83.91932321
-45.75447668	85.33004194
-59.1526477	-85.96728872
-66.61139074	-88.42960341
-92.57207802	-85.00817722
-90.53847527	-68.71867533
-60.87635057	-67.24453342
-48.38248475	-66.17821705
-49.50098663	-68.6381456
-47.2427442	-66.87358231
-4.415747685	-81.75940941
10.01524921	-82.91471217
24.79557915	-80.87965297
28.4330904	-77.39398653
52.43177075	-84.11583144
66.36833606	-86.70041139
82.98467365	-88.07847643
95.2815507	-88.86758014
94.11075686	-89.00680969
112.2408811	-88.68071424
116.5441208	-87.41211611
114.0124234	-70.44828965
105.2333863	-66.15405205
144.7395123	-78.46705885
143.8716005	-85.45748689
-171.2386708	-82.18023819
-167.108437	-81.99171381
-177.435267	84.90981077
169.8808051	74.572114
149.0411313	74.21874138
130.027322	80.6315121
113.4894668	83.0281776
103.2099306	87.79023532
55.53695806	-82.27118369
36.43843463	-84.12394139
26.40127993	-84.61847828
12.69966783	-87.44964926
4.234055958	-87.92036733
-1.986344403	-79.9888468
4.000459864	-81.97838252
7.690085466	87.48488916
-18.57774622	87.85453497
-43.71751439	89.88406108
-48.8510633	87.49784179
-46.20654622	81.35953014
-33.81378561	89.80633515
-24.23040905	-86.08345671
-20.25319737	-87.8773335
14.79807337	-85.56556933
43.80290762	-86.51207979
52.19867104	-88.50452314
162.5906912	77.49048834
-178.3889924	-86.64866073
143.261522	-79.36929292
137.1680054	-81.70844831
113.6836508	-81.52201332
104.8100588	-88.05686302
92.30676952	89.76713058
75.76896991	-88.53023534
63.88415606	-89.06731092
92.52721262	88.59918011
96.97159032	89.36938928
109.5088513	89.23257506
149.4030091	-88.48229917
-86.96912418	-85.01427846
-66.99897597	-86.89709014
-64.72766334	-84.77575954
-89.28106776	-85.78404619
-56.01279838	-84.94806677
-83.56368028	-70.61875973
-96.97881471	-74.16508501
-101.5759106	-85.3015383
151.8933603	-80.78679028
126.3223669	-82.43425576
47.68581119	-77.89415178
26.10169994	-76.28414403
10.25862043	-78.02892236
-0.531083592	-82.3125472
-16.41436088	-83.78285334
-8.123319548	-89.28054619
0.025274898	86.08364546
15.69545038	88.36010357
29.71456722	85.66069572
51.85949121	-83.84243464
76.257759	87.99957745
85.41512746	89.2757448
110.1820392	88.5623627
126.2301485	-89.66111827
145.770914	-88.73918119
164.8497251	89.93700462
-45.66681262	-88.18391866
-34.17245664	-86.14051694
-19.16780528	-85.0302321
1.148978509	-84.2451432
17.63687966	-84.53742674
40.36519471	-85.25934812
8.561368616	-85.24672438
1.109711242	-84.45154166
-8.194564273	-85.47365854
-0.748308562	-84.92929347
69.2303112	-88.6374544
-5.080124781	-86.81768562
-30.22700986	-86.01643306
-59.68638945	-88.77984304
-67.72369115	-88.99397742
-78.24800614	-86.25110114
-89.89368604	-85.94868818
-87.69969973	72.30458026
-84.24188956	56.34371318
-82.11643375	47.65509738
-93.28928236	47.8661363
-51.54526683	-70.14893672
-43.17580037	-68.39254781
-18.22185212	-84.46919326
0.851267812	-86.97042967
16.36231399	-88.68358029
23.2707038	-86.94836553
36.3013694	-84.76835597
25.31817041	-76.42981266
67.95844311	-86.103142
78.32051232	-88.34891106
89.76218379	89.05193368
87.36256338	68.59281341
101.4821693	66.38289111
107.0934314	68.33370911
119.2216027	68.17546615
113.8522076	-88.04711142
143.1513721	-82.85934436
147.8471793	-63.83607443
107.2408418	88.17461242
122.8630498	-42.39258911
128.3122274	-37.4668315
159.4534416	-84.53272253
173.3834544	-82.84447142
171.258601	70.78590741
173.3581772	58.02814814
179.6561451	51.8273235
-164.2126829	50.09758828
-157.3461582	45.73876749
-144.3327767	57.82720563
-130.1056184	62.59087702
-113.1951792	61.48285386
-103.7365485	58.23727021
-105.3130486	89.41664789
-98.70082854	-85.1311895
-125.4951288	-88.02782452
-140.8454575	-85.82867475
-156.017693	-86.93144854
-166.4440275	-86.67233384
-169.4382959	87.22201017
-176.2715651	-75.8054822
-169.0618469	-70.07866252
-179.1356499	-82.14011292
142.023094	-89.75852851
137.0130418	-87.81347785
136.995559	-63.22024212
131.344222	82.06584048
127.2698429	73.99054072
126.5574814	66.09848403
111.7256596	62.45343968
121.7635782	61.73155639
96.11744063	62.65176053
74.22948005	58.0097746
57.84079304	52.01911546
47.11613074	51.34879267
66.90326053	-89.45742612
83.17530842	89.88235455
92.24505112	88.15835715
98.52531378	89.03855615
106.6679408	74.17231724
112.35225	67.98744636
123.7801493	61.74624828
141.3519082	55.61374609
166.2348727	-68.12171639
179.6510827	-76.02019696
-179.3308868	-85.93516003
143.152672	-87.20882956
140.4770404	-89.56361917
156.0040888	76.03823764
167.1899087	71.25232144
120.3461999	-83.40447818
106.2886633	-88.22406271
108.4951824	87.4331944
91.22308735	87.9029372
78.08180228	88.00595734
96.77245138	83.97764733
111.6817976	87.95371586
109.1074206	87.94710734
143.9952414	-83.45005313
143.8233532	-86.25635
133.9970504	-73.08802156
156.0086316	86.49319723
166.1734482	80.61820967
168.0443806	69.89402137
176.3864499	63.07973722
161.0253877	67.19943629
152.5232338	66.36470828
-172.1869535	60.01402984
-171.636506	55.92783711
-159.174214	58.67513212
-143.7771419	86.65789112
-167.3047936	88.17243962
-79.86803072	86.56145869
-68.90341104	88.44451858
-54.76804618	-89.71104549
-66.15839813	-87.64122904
-98.40578291	87.62403153
-90.46565114	88.37525693
-85.75381528	-65.3815237
-60.6569902	-87.01119737
-64.66369883	-88.46284476
-18.24074145	-89.89904539
-22.30330513	-84.71742793
-47.70582874	89.06858825
-61.25523503	-87.48095905
-64.23804086	-83.39264839
-45.35458297	84.55665737
-43.74127675	78.80841916
-26.16062901	88.35147337
-15.72068081	-86.37365808
-3.758419109	-86.26829828
12.2829914	88.75110375
12.93365296	86.14408173
0.529726392	85.44339783
-12.78036273	84.45422575
-29.82608798	-85.51854824
3.400598611	-86.54560119
10.29957744	-87.72356294
25.72927667	-86.85093778
53.26050631	86.74946283
64.75968854	86.33298056
63.1876889	84.07036945
-53.64513649	88.52095682
-77.2905673	-88.55860516
-118.8107172	-89.69928724
-161.2675337	89.12639762
-2.898039434	80.36644941
-2.371978197	89.43601505
-16.3056505	-80.41907692
2.20741011	-86.70548064
13.8559533	84.88878844
-3.595227076	85.78972911
-39.91661866	87.64541012
-62.93031151	-89.30124358
-68.51456629	89.5344611
-91.17504916	89.6868326
-93.64240106	85.63193882
-111.0318348	83.34858294
-123.5082424	-87.58583746
-131.6307783	-86.53717996
-125.5623746	75.63454512
-118.9532402	74.02237564
-114.2509653	82.00686676
-119.0784887	84.81000468
-131.4641373	86.26641577
-158.9327074	-83.18372751
-152.3201668	-59.29356868
-171.5615823	-78.62183614
-153.7614064	-58.45052599
-163.9092656	-85.41740362
-169.2842817	-89.03903447
-136.6135355	-86.61111753
-102.0887902	-87.49357417
-81.81331063	-67.31879477
-80.79114369	-60.37936004
-65.85947869	-44.20218459
-47.18152	-39.76285092
-41.48860685	-56.6042271
-61.03113453	-83.42197543
-65.18107808	-87.60390099
-59.5535922	-87.44282951
-11.29729404	-86.90825458
16.86733882	-88.97999647
38.77733627	87.58326321
77.79469357	86.31868721
110.8587605	83.6277525
140.8178028	84.81958619
144.2725032	86.32635934
130.071545	75.00915469
158.8317565	71.3071253
162.053414	68.58303875
146.7095803	-89.00221868
141.3702051	-87.64324982
135.7426947	-63.75088776
143.710309	-83.33085908
140.3604845	-85.46299995
170.9841515	80.65509624
156.1981798	85.62006562
-171.5978144	76.33494823
-159.7769401	72.03390784
-151.5533328	78.19044077
-169.2720508	84.7389842
-152.0453701	80.93383997
-125.2261561	79.34888581
-120.5521035	81.56759994
-105.1003031	80.97841825
-95.60199137	82.43096673
-93.80377082	85.17128368
-92.1265071	87.21892267
-100.5983693	89.46096728
-88.46059568	81.88459154
-115.3856114	84.48586354
-131.4852557	84.23189912
177.2273846	-89.14234963
173.7959248	-86.74688822
136.7745215	-85.65273049
131.0537818	86.67932346
106.1817527	89.38423581
111.0279445	81.35435859
163.956082	73.41170282
-179.1446537	64.01741135
-154.9507012	60.45765532
-153.5894519	77.71380335
-167.3641491	89.41135736
-163.9505944	86.75411421
-121.3517628	76.70058125
-106.728841	80.08506434
-96.3117813	88.69795066
-84.40361198	86.4648491
-62.01092556	86.27520887
-49.42945602	83.61713346
-39.87796758	79.6802785
-44.89778098	82.93887795
-54.77893399	84.98329894
-72.65130816	-89.97591929
-95.15921	-89.34608296
-57.85899951	-89.15706668
-63.12045213	86.22990316
-51.0444158	84.35124182
-41.69577936	80.7510861
-66.85722525	-89.14768176
-105.120609	-89.17999253
-126.206705	83.72043348
-135.8168975	74.12211782
-154.453593	69.18177608
-172.6542461	64.42996878
168.6192208	74.60080029
154.2364205	72.93500694
161.7689343	71.17717922
-159.203575	88.96485614
-148.9851357	78.71815743
-161.5598138	62.1001692
-159.2809555	52.6937338
-176.6753762	56.31311919
-160.2964573	73.08556582
-165.6053045	87.42295846
-63.89707636	85.92979905
-40.67652138	83.84874103
-39.41381597	79.70715511
-43.0552417	79.45862987
-1.076078091	84.2746296
-13.82763825	82.99167538
-15.38022505	85.85138553
1.079721455	85.05647177
20.31724792	82.21988688
49.15139414	84.46648254
67.92274823	85.4308471
80.85361717	83.4900061
7.329507555	-86.69764161
13.88118352	-86.70060266
-7.553484883	-85.71793264
-15.99866932	89.40565913
-28.93912942	-87.50310247
-47.79692404	-87.54991721
-61.4986052	-87.42576024
-65.51151156	-88.13019917
-83.55302933	-86.64901816
-93.9135014	-85.84969538
-88.46271442	-87.81021712
-55.05564145	-85.97999027
11.41849262	-87.50121215
23.14984758	-85.72112625
48.63135172	-85.40976297
62.89731683	-87.34677468
73.32603042	-87.52795141
91.54504463	-86.82918543
99.0333384	-87.03975545
110.3705657	-87.04726378
111.7098631	89.69773284
131.4564124	-88.85564687
144.8247474	-86.30854147
156.6513284	84.22957653
164.3957588	79.75067046
177.0739667	79.00921156
-179.2975802	77.25060437
168.9028595	71.8778434
166.9395996	63.65586001
171.3303442	56.43062612
-175.1974907	56.67561285
-161.2034846	51.05642206
-135.270852	57.17535137
-129.9659486	64.00739368
-130.162257	81.50746355
-123.4756769	89.69986508
-116.0045553	-89.89392565
-106.6523139	86.84183343
-101.7283492	87.53273929
-93.531494	85.77335564
-83.74294659	85.96189432
-78.27072289	84.04263885
-70.38321469	86.44989834
-61.23645557	87.97492056
-55.8447362	88.94196589
-38.44018918	-88.91907166
-179.9511744	-89.04525677
-176.4209616	-83.13862097
139.9716412	-89.32833883
143.4916789	76.00757075
152.3662669	71.62675095
167.0119751	68.80587224
166.3223776	74.12135321
128.655468	83.56577549
116.5232329	81.23879066
107.4223962	84.75644274
121.0017249	70.11994173
124.2358087	68.23650684
99.14218319	71.56454221
89.02041746	71.86084735
77.21252327	73.28517671
75.11999807	66.93684146
63.4069619	62.74951314
60.11848004	57.87407573
55.45191541	-86.28606143
48.83486912	-87.40198009
31.52656621	-84.12673255
14.91440318	-88.88733908
25.33833733	85.10953364
30.30089346	-75.42082053
-6.063924495	-77.23892457
-11.12027894	85.03775449
-1.877922583	83.36139297
10.97718128	86.9239321
25.80408463	86.87452476
52.42884847	-89.70213572
78.441042	89.13491448
94.53907531	88.09625648
110.253689	88.64661629
111.2593474	88.84447069
131.4277592	-74.49895927
120.2846712	-65.02289613
146.2148369	-65.06453549
156.7437661	-61.54997944
167.7342553	-38.18928766
166.4691926	-28.97183638
-157.2539821	-41.76637484
-152.5338039	-42.95181277
-141.4763928	-83.39878199
-132.6613655	85.11708044
-126.7602023	81.51162463
-118.2501286	73.39149934
-134.994666	69.40327973
-97.63768187	68.61562237
-92.67275042	68.48115133
-79.16054962	67.03623285
-71.61152432	72.39241003
-53.82260174	89.590288
-60.95141134	88.28505484
-44.05384245	80.54334701
-42.82177302	76.65287456
-26.08015032	81.99695677
-18.34496048	88.67598389
-11.85008474	84.86394776
-12.6924818	76.8646358
-24.02119116	79.70793801
-44.54991603	74.93954539
-66.17625305	75.52064385
177.2619479	-84.96827242
146.0385477	-85.59221078
138.0547731	-88.06635322
106.7808082	85.87957217
96.70797172	-66.82560279
70.50111029	89.39408625
64.11157119	88.7813138
44.41437974	-89.75741718
32.99221262	-86.76995805
15.82483973	-89.1598873
2.801264432	89.55098157
20.26097098	-73.48623878
1.341306264	-82.40409703
-19.08337166	89.26534189
-35.52567754	84.57425469
-62.78256563	88.77327495
-69.6864191	87.97854516
-58.55255458	-73.18058301
-13.23897474	-84.64261226
-139.3344453	-88.81639571
-112.3725285	85.58771024
-109.4947785	75.13598421
-134.3558176	72.1757652
-160.1235456	71.79512444
-168.5005964	60.25486658
-169.5501508	62.13252788
172.1816202	71.98929195
-155.8079243	70.46003775
-135.7596648	64.61409442
-56.08397011	87.57969865
-62.92182861	89.05661437
-58.10119112	-83.90839433
-62.784251	-87.6356182
-63.57816068	-70.16298405
-63.86269991	-85.84427549
-48.92874035	87.40338105
-56.34009521	-84.5634841
-93.71142003	-88.02290613
-62.16965171	-87.7124273
-56.79403912	-84.47923277
-62.61763713	-88.79711239
-64.76581152	-70.64203265
2.622588511	-83.18710876
13.88996082	-84.29870499
4.080132582	87.2636341
5.860088128	-86.50808873
33.37134759	88.01871011
50.20253827	88.30745566
63.88900171	87.14581357
72.14481102	-88.21097767
84.10008851	89.92663109
70.34517421	-87.91148544
59.13192583	85.24831712
42.20196434	85.68978921
23.03186374	87.52969984
9.805775663	89.24527065
0.621135859	-89.07418234
4.584917318	-87.14100454
-15.86944075	86.10416253
-26.89675391	86.07398483
-41.48779571	84.90047897
-47.54681481	81.75548278
-63.24094941	-85.42005578
-56.30052452	-70.4965237
-73.77937388	-68.86833561
-92.04373259	-65.79703648
-90.73727325	-82.27292085
-93.20280755	-87.70167818
-62.54869237	-88.25966607
-54.59728524	-67.60836316
-65.44682009	-69.33830413
-88.25779934	-65.96519285
-109.2479472	-80.79198766
-113.4929317	-83.74862695
-114.32584	85.90186213
-110.3572255	84.75022078
-123.0374288	81.41299577
-130.0181993	74.41567972
-140.8722213	68.40066635
-130.8914578	72.0927505
-129.0977755	-83.9475788
-140.4517022	-83.83402548
-131.2278182	84.28769003
-135.8681921	74.51293141
-138.3849022	70.84936202
-97.92922448	-88.11416005
-83.54146121	-89.80972881
-62.59057467	-89.95279038
-92.437746	-84.36152123
-114.8173158	-84.64503383
-134.3609972	-83.23632559
-149.5535186	-83.8764764
-163.1910515	-85.455833
-135.1936634	78.51265949
-146.9835829	69.69684119
-158.5151532	73.06744494
-169.1122126	51.73957608
178.032147	56.66705479
177.622931	82.18955566
-173.7375436	77.95004008
-151.8442089	-87.50159176
-171.9434149	-82.11869204
-172.713342	88.16308975
144.8441845	-87.82884856
138.8606791	-88.40542737
132.3705801	-70.95130113
106.054051	-84.28617793
105.7362285	89.54144867
83.69190908	88.84543199
61.91787004	88.00596869
65.64033245	85.50337114
120.854312	66.63393131
126.1012169	63.57942803
106.213461	-89.5545622
116.8500612	-89.43431636
109.7703977	87.80530713
81.424958	88.56835443
63.97964448	66.62712185
45.01233838	86.01578169
33.83469783	88.49764906
65.73463458	-86.1534892
73.55633905	-87.40416033
93.63414958	-85.12935867
99.36018731	-87.62443925
110.7797172	-89.59315386
146.5922634	-85.41647486
-177.0521855	-87.95158972
-162.7362943	-86.2899306
-125.5888884	-89.08237678
-105.9088151	-89.66278876
-101.4936031	-88.4534254
-85.0349369	-88.36851195
-63.67371369	-88.82050565
-58.59990787	-86.94281041
-53.10196756	85.85791015
-59.07076754	83.27447174
-77.08322403	-89.38536356
-100.5003608	-88.60164265
-131.8820802	83.58289615
-142.880626	72.75529548
-159.3669522	69.69935212
179.1518561	66.18557077
153.2184157	67.64611088
104.0926458	83.29354878
79.29907031	-89.5853805
61.79661181	89.17759404
48.38376142	89.20466619
41.22508304	88.884935
29.8562412	-86.66637569
105.1746265	84.74511722
111.4789733	77.66562977
106.2674664	70.27178539
107.1835424	74.66334695
134.1975529	76.57435092
138.923226	74.77971368
-0.066133146	-85.45087115
7.674172569	-83.10203942
10.19990302	-86.79371899
19.33243163	-79.40950988
25.10857033	-87.75930731
19.02857283	87.01089546
10.98727468	-86.61011656
43.52079098	89.26076528
57.59951943	88.48411726
63.82581726	87.08751916
72.21042659	-88.36940558
84.7688925	-87.01616674
87.23990829	-89.51090952
93.70650776	88.21585057
69.16448332	-85.61742023
104.075777	-89.63662092
113.0465916	88.38745173
141.5567873	-88.8444134
143.4136948	89.54217259
108.8358421	89.14886969
80.77931263	88.72495282
58.369497	-87.91880676
46.76964829	-87.14537804
28.43563839	-83.4914002
13.63477982	-81.55918633
3.284386943	-82.48130355
-8.472042995	-83.32537485
-22.62898806	-67.91570087
-33.21731442	-60.85368057
-55.29518399	-62.25086613
-66.47110182	-66.57801773
-90.00109533	-65.41420155
-92.93874693	-64.92978854
-63.29822657	-88.11104205
-74.2910978	-88.94520359
-49.08347307	83.84999174
-39.6650961	81.78454942
-42.74488519	78.21486588
-63.18382766	-89.45864223
-92.89480705	-88.79636668
-102.45878	-86.14495798
-114.7483669	84.32152635
-108.6306897	-87.79176618
-89.39240939	-86.56410111
-131.4530177	78.73439285
-138.1762589	74.96507025
-153.9807777	76.56298884
-170.9827417	67.85911007
-177.2679908	60.8983163
169.8726351	61.43966311
-165.1389096	51.97023363
-163.4088083	46.60303598
157.0670028	-82.15306659
137.9103488	-84.52092186
136.7942044	-86.14108112
132.8297279	-70.75477942
140.7461617	-85.48170961
178.7630558	-84.26520292
133.134337	-85.89389346
137.7541019	-85.88638591
148.5960968	-87.57347591
108.6476792	86.87101468
124.7412668	73.21254216
129.8874872	69.90456238
169.664144	-86.03509902
174.237105	-85.92256012
162.8932555	-84.35637707
-160.7645331	-86.88109305
141.7255699	-87.83892319
139.6838818	-87.63380748
172.4130713	77.96678026
141.3156189	78.72030344
122.248629	79.32807945
142.6571063	-85.23563054
104.2300792	88.67217099
119.0061388	75.44658822
129.1059188	72.38270318
95.37588932	80.97707873
80.31453601	87.05231805
60.9921469	87.11108949
98.19243574	86.1033428
39.56735065	-86.63671015
16.57419475	-86.20747625
53.07805168	-86.64983088
53.16115051	83.50771499
0.725965001	-88.7016346
-21.60008316	-84.77294769
29.9109656	-79.00040063
42.57343625	-77.82090946
2.685514622	87.87326513
-13.64295922	85.32686353
-27.12030735	84.5157608
-51.42819485	81.93685076
-64.52844522	-89.16750513
-67.22705729	-88.77176369
-99.57742154	-84.11250309
-117.208802	-87.59170936
-119.7978407	77.8618385
-131.6950973	73.06582423
-146.2808366	64.71217044
-155.306368	59.46656635
-159.9453217	48.32716376
-161.0207111	43.16574427
-176.9376282	48.75940769
-158.9851492	54.29507759
-157.2526927	60.06773757
-159.8401498	69.54663518
-165.2359959	89.76411439
-177.3989194	-88.37395293
-119.6341493	-85.66924621
-113.4423883	81.64065748
-115.344054	76.65261033
-94.15946104	83.98388146
-82.54968627	84.67974171
-93.02692971	88.01366184
-90.59268929	-86.80638465
-0.725602158	-86.66541992
16.06187594	-87.89485006
-9.617976721	87.54431778
-32.06074914	87.29646921
-46.48696612	82.2937093
-64.23793799	87.79460233
-67.45581585	-89.73655794
-44.92163237	81.86454746
-94.5294245	87.17418921
-110.223335	86.07722499
-114.6784853	77.97518399
-122.8163652	70.83352021
-135.1159717	68.2566609
-148.4166234	65.31107957
-159.6348126	79.87858833
-147.5877326	-84.14325528
-135.0486098	-84.27878054
-170.8240074	-84.73580843
-169.9549586	87.56807241
-165.6904668	88.30183447
141.8349946	-87.30713785
138.3966074	-87.75436162
110.4515128	-89.91472957
105.7820978	87.57744608
127.161074	87.99550218
145.543454	-83.55272275
140.8865699	79.47713748
129.6561536	75.84192562
112.386387	76.14807327
90.83459154	87.67556191
77.43524573	86.90765308
60.77800295	85.82924306
46.78594544	85.87199355
32.72994026	82.47225835
15.06461338	81.73854135
8.619431614	80.66973711
-13.32395829	79.93207915
-26.81293455	78.47189295
-22.75592784	-88.51576068
-42.40752737	78.02738707
10.6344471	-85.68548886
7.482874601	-83.59833956
78.50391086	-87.97793222
98.02529114	-89.96897084
130.2827649	89.09233031
139.6193109	-88.26318794
179.4397713	-85.66648764
-167.8673179	89.05224589
-174.4811744	69.07902587
176.3340009	60.52316684
169.8151982	53.12397484
163.3552193	72.49687789
141.781391	-82.66725045
140.4084273	-87.76868582
122.1729686	-87.02350265
104.9813788	-89.83737389
142.9955109	-86.21566868
114.377988	-60.59320955
105.2876892	-44.57055224
129.3632232	-28.4912227
178.8346244	-32.88484408
-166.96638	-27.84195841
-168.9350363	-20.74008388
105.1450613	-85.897295
106.6613747	-87.81812227
156.2840971	-15.44431995
-153.8353162	-15.32524771
-135.098136	-8.615945363
-122.8270405	-12.76251163
-115.865099	-44.78116694
-115.6623751	-83.33728179
-115.8741729	-86.99005799
-84.35995373	86.30099554
-59.92398967	87.36553046
-49.6010652	87.62700482
-37.21963261	82.05641177
-25.87057824	82.65915967
-14.92443653	-84.37923054
-7.830322815	-77.92374699
20.59171641	-80.06574092
47.41546028	-80.67223257
58.80291126	-89.31254984
67.89463435	86.12608956
79.44447748	89.87974502
89.99940359	89.20392781
100.3533333	86.27914119
111.6667322	86.73505112
103.8263947	80.63499703
81.70442773	-89.717517
79.19527875	82.80187018
47.73724273	74.38418337
24.93031907	71.88202617
3.843740637	84.12371978
2.38243835	-85.94216234
-4.738057144	86.76848211
-20.10852322	87.56139517
-24.36012125	-84.69581754
-23.81087492	88.74201082
-38.68537868	84.74907829
-23.26300982	80.73986817
-45.95191452	82.20394722
-19.26551955	-65.52508067
-4.352465758	-83.08987936
-35.86954725	-85.0338202
-25.93253579	-82.08996433
-12.63893909	-64.62242957
-35.31653586	-67.77634688
-51.24022977	-74.56195219
-60.7704158	-88.87349716
-65.39332293	-88.66890293
0.474003939	-61.35595208
11.01459587	-69.95734964
-60.22493902	-87.48972488
-102.9558921	-86.59261246
-119.7313413	-86.70166861
-90.94080862	-65.33489236
-86.66758953	-64.57863867
-139.3115792	-85.73316249
-139.6645297	-85.18043515
-169.6154918	-83.925588
-170.6431011	87.38876114
167.3046146	89.63229188
138.594741	-87.30357558
107.3061492	-89.97788372
121.0030297	-67.81741687
136.151444	-60.90623126
146.6294202	-59.37576873
126.2033842	-61.22747423
107.5628541	-71.25523964
103.2614677	88.11557928
72.81982946	-88.53008995
52.54294388	-87.19704078
39.95523172	-81.5145219
116.6132025	-89.08653275
106.7102605	-89.72391412
105.4493288	-61.90238512
98.9160478	85.96878845
118.6372219	84.1845894
142.7530932	-82.96502898
141.219006	-63.09958561
143.827818	-68.59951894
146.199252	-80.76740675
142.1557457	-87.46140158
133.7858008	-74.82621244
-165.4746106	-83.24064194
-148.2609317	-82.92689097
-140.4662399	82.64810553
-145.177249	70.78732565
-130.9774269	70.25792926
-120.7055611	76.89280409
-96.10554184	81.62846309
-138.3640714	59.33507276
-171.9555306	60.09997417
157.9329638	60.61611266
145.4369908	61.03095143
168.3779052	77.25594577
-176.2221279	-82.13594684
146.0625233	-85.70302297
146.878609	82.33792202
147.8465863	79.57223959
159.5982788	75.61346316
120.0169126	84.25476104
105.2431411	89.81510598
79.16000829	-88.24815785
66.03027912	-88.45658944
48.77378725	-86.84935354
25.70432841	-83.4980719
6.702156037	-84.8038184
8.949285641	88.51848026
60.74967321	-87.93635939
72.44518931	-89.41255588
91.38420546	89.99999247
100.2970757	-88.71853512
118.5294788	-72.88311543
113.0789939	81.73652724
113.2881528	84.99670037
121.185402	72.77526425
133.9881988	72.48089347
158.1023353	63.35043708
143.6628665	84.26862469
144.4568118	-87.49703057
-172.7712782	64.74747688
-167.0050383	58.78328366
-160.9608193	51.85285172
-159.4868626	-88.81448134
-163.1838132	88.57477412
-111.5509753	81.91713721
-92.40332524	76.03375733
-87.32267502	62.65504963
-78.84638819	53.36002519
-87.15820783	-83.58535925
-59.41700263	-87.30398613
-58.73095568	-89.88567994
-39.99949082	85.9092213
-18.72920667	-88.97237466
-16.52528321	82.61937491
-14.8741373	-87.82573745
13.15407287	88.82934431
27.45673742	85.48937915
53.50773391	87.19113343
64.84531739	88.1761944
75.30248269	87.94063237
63.12260116	88.32618251
88.48209705	89.06712585
109.3183706	86.66516152
113.0685547	85.10173256
109.4433707	80.58378509
132.3382145	79.36755984
150.7361472	67.90204197
161.4343105	71.54573803
171.7607462	74.28322175
179.7978878	-86.44885985
-170.9297477	-88.1758989
141.2776096	-85.97699063
137.4191848	-85.65276323
128.7206742	76.53939741
126.6397706	68.79749994
124.9403384	67.1100849
83.93734918	74.77228053
105.8151156	60.41112288
109.0749224	51.80175086
98.21559246	46.18048173
3.604511809	-86.21250383
-15.49883965	83.86051753
-34.94462448	80.46136393
-45.21604205	79.96431819
-64.14143967	-89.91224174
-64.29328933	-88.72242361
-95.37066138	-87.99245159
-118.6555301	-86.12655677
-133.2047477	87.31752231
-130.6882243	70.74199671
-134.3038541	63.98887173
-109.7157965	74.65017721
-98.15569604	74.66482348
-88.43871687	65.89275458
-68.24466611	-80.21441783
-60.41540335	-86.57619587
-56.04716773	-86.99753921
-14.38040664	-86.24817344
10.7111449	-87.31103874
45.79870857	-87.17238836
63.65248923	87.38127764
73.71563243	-89.64500992
106.0741327	87.74779211
109.3290146	88.32502871
112.6601944	-68.77219434
109.1019297	-57.34483725
142.1745446	-80.69189579
141.7566264	-85.7830466
108.7880281	89.83606479
142.9119249	-86.22944956
160.4574908	79.62218637
166.016447	70.86612122
171.9683509	64.22014954
-168.4253706	75.50622841
-171.0814666	-83.86675167
162.7975976	-85.83066235
-153.4094594	-87.68998824
-145.9878121	82.60408288
-134.7113885	79.44439378
-136.8732618	61.62482728
-163.154902	58.67930985
-170.2680065	49.78421747
178.7077169	-85.14367255
146.6503704	-84.3977448
140.4058045	-88.28398963
113.9366336	89.41188372
112.7989262	80.71981329
96.27323028	79.78734848
77.93216318	84.66793813
60.51825494	86.69878384
41.67580142	88.18812126
26.97642121	-89.36948219
54.6258953	-87.63582372
113.0694251	88.4494106
145.6541987	-86.60126069
174.6239379	87.54715793
-152.6973591	-88.57954161
-153.7167249	86.03147262
-123.9985746	87.02241815
-150.9240941	-88.18747758
-166.7465366	88.81064333
-166.3921275	88.13377276
-159.2288642	66.91182299
-138.3849084	64.46245407
-101.075382	75.00926822
-85.98432525	89.04199699
-69.78841556	89.10735415
-64.3155255	89.58038554
-53.37647476	85.68131757
-65.25207735	-87.38753061
-12.88834687	-85.13890844
-18.25964921	-85.0963034
-5.638497643	-85.1960813
5.980729224	-88.71770169
-65.26281858	-85.44406471
-66.79901703	-85.8047735
-97.14561157	-86.89815519
-114.4233605	-88.53262022
-126.8791442	-88.06577225
-139.4338255	88.99381678
-165.9911228	87.30266935
-103.0729588	-89.41171115
-92.96548666	-89.4659028
-85.04849849	88.89447282
-86.27440124	-84.64534517
27.85385742	-89.75731045
61.34529568	-89.51763623
70.3994892	89.88918795
98.77604685	88.52224687
-3.223292341	-85.75717126
-0.793060488	-88.7211944
6.072816987	-83.21246737
-5.781532149	-86.74624572
27.06283668	-79.2869386
50.72497727	-87.87868792
61.77059012	88.33493331
76.23510723	88.66566209
83.43536604	89.14209399
112.6502832	86.97552799
111.8453155	-64.03265172
109.6010472	-57.99999225
146.6573469	-79.00712454
146.5572217	-86.19050522
144.8048042	-71.6597727
142.8757586	-87.38171726
167.2348965	83.17396849
153.3834035	65.4649203
134.8483521	75.47092756
128.1832633	73.94114018
178.7928067	63.60907843
-157.546507	68.95079029
-142.4724999	82.85947776
-133.7867651	-89.2897702
-120.5205734	-87.2626011
-94.69664765	89.06498186
-84.55590403	84.64602379
-66.30668407	84.54894864
-61.6163464	88.31479848
-56.6977423	-88.65298696
-89.94130039	-89.5843472
-106.641513	62.50594148
-110.1401312	56.06081214
-147.9188201	64.51098534
-170.6470232	49.62401828
162.6082415	49.08507434
143.2106273	53.20503095
110.214065	65.06936775
96.29327081	63.76544041
90.43950655	80.93227904
72.89770317	85.0817451
51.22724356	84.78929101
24.79169116	82.66085311
2.613929269	86.49515231
-17.34741164	84.62976627
-33.36508946	81.78276371
-52.08341834	83.95477077
-67.11271954	-89.18852076
-86.56829668	-88.21765132
-62.44586892	-89.28316617
-41.71545234	82.40340943
-65.69177786	88.95880478
-58.28228092	-89.52743116
-24.38296217	-83.29627219
-14.82869233	86.51465411
7.125337507	88.40599505
19.60680589	-84.41317889
-178.3547323	-87.66463567
-162.1131118	82.30070363
-157.5686612	77.03640877
-155.3348074	89.959347
-168.2077095	88.92125175
148.588989	71.66777972
163.7122937	72.40337216
167.3991512	55.07030623
155.437132	72.0064067
101.0010163	87.88936089
96.84170778	87.94550559
78.55322546	89.67146912
66.31105093	-89.86201517
112.9717994	86.40049504
119.9235498	84.71962441
134.9148264	85.3342211
142.7902868	-84.89406235
123.9970763	-86.47223601
147.9146462	-70.79752344
162.4770363	-57.40882442
-157.048465	-59.06573496
-113.8766668	-75.2377889
-96.29115459	-80.45881637
-82.0609498	-87.98537074
-67.94081523	-88.16464091
-66.27157462	89.21011001
-56.15021753	88.40461771
-46.35535055	87.47991197
-44.44543797	81.86371654
-41.67237327	80.57006619
-42.18303698	84.74744805
-66.92114906	-89.896368
-72.35864922	-88.227549
-50.70273501	87.28062694
-35.64119557	85.49678946
-44.21361467	79.99291846
-89.80991202	86.63359669
-94.98514069	88.34826456
-98.55990439	87.60201238
-102.1594847	-86.22021462
-75.53511423	-89.12274074
-69.31363003	-89.31920214
-60.97114996	-87.70453625
-42.00116879	88.86684047
-41.29847425	83.95788411
-62.68365467	83.68411878
-82.79886578	66.40166625
-81.06462934	58.00933047
-116.6453482	77.49926164
-113.8106823	-89.60151548
-130.1364822	-82.00093748
-136.5849271	-82.44966243
-155.8372644	-81.31416483