-3.092613862	88.53975196
0.47084209	-85.77823826
13.05319449	-83.62322293
24.45601614	75.46445224
-15.67668592	66.42108862
-44.86477327	58.31900871
-48.59113097	53.72448283
-51.65100474	49.13945908
-51.6378402	41.80638558
-82.4425115	59.33988712
-78.1577459	61.58252638
-64.22918429	71.7590648
-89.22548476	87.15299405
-122.2046429	-84.93045303
-129.3001899	88.17326672
-120.9592373	85.28041928
-145.8419395	78.74312314
-164.6757976	-87.82467235
-168.0544399	88.38661217
-174.2548803	89.53834768
173.4931236	-89.52026205
163.2721187	-89.06229757
-168.3822292	-85.78022417
174.2933707	-84.89712089
171.1407951	-85.17816483
175.7337889	-89.39506017
152.4569212	83.23387962
176.4892538	-89.72450091
157.7972931	-79.05253701
148.9469041	-81.12314344
158.8929766	-79.18675739
163.7405171	-76.92303851
161.1304737	-76.00596647
165.874282	-77.23380468
-118.5191172	-83.99929867
-132.3362595	89.47729932
-123.0414512	81.93014808
-122.8820179	78.41011206
-98.27701442	81.53825982
-87.63908873	82.6081717
-81.3152833	73.79799625
-62.99842721	69.58149492
-54.77685345	71.21479398
-48.35503104	61.22504416
-7.267916676	65.43094151
-36.14196412	82.51079826
-46.84623191	88.57157778
-41.78499268	85.96323623
-42.76629595	83.7030734
-51.30292215	74.26117081
-43.0517148	85.34367476
-39.23892493	-86.99318181
179.7932443	-87.59077076
-171.2242246	88.37356331
172.7693484	-85.10098885
158.3983904	-82.26884382
-179.8545401	-83.33855339
161.3872668	-76.27264555
159.1628144	-83.47998706
142.6303549	-69.37704271
111.2388021	-74.22844123
107.8932014	-74.65969202
-177.678216	-75.1336865
-175.3222211	-76.73562546
-177.786337	-84.80288618
-168.0388284	-86.80972993
169.9117768	89.36892528
157.9649702	-84.00318379
173.7937662	-83.85587457
-178.3404632	-83.84344395
-108.6061893	-83.12328589
-104.0786285	-82.0475444
-63.13231962	-75.40750098
-38.66793046	-81.2275659
-41.9500645	89.60159299
-43.71835062	-85.25298309
-72.05450459	-83.85320382
-90.79545328	-86.79315755
-119.9162796	-83.42046165
-127.6354245	-83.49026971
179.1770573	-78.69650468
176.4112477	-81.54318363
170.2227029	-83.34512962
158.3863857	-82.26088029
148.2891878	-85.95489465
141.167578	-89.45517052
137.4503004	85.92655589
145.8178331	77.78771893
179.9852022	-82.5908294
170.5943143	-84.01239132
165.2903119	-75.51523112
177.2481351	-85.28513399
174.1549494	-84.7296044
-173.4179434	89.55486448
177.5293902	-89.37975849
-166.5245919	74.89549054
-176.3484091	68.0634019
-147.864236	82.48178777
169.6400502	-82.16928119
176.7716472	-83.89616699
170.4964538	-85.93088152
-179.642336	-83.12218322
155.6250112	-72.8447397
159.5702942	-83.36293493
132.3756653	-83.41833762
107.0663826	-82.44820486
99.0700057	-84.91687871
75.11802062	-69.42894977
67.26156785	-56.69252023
-0.063304017	-86.30558051
0.771289483	86.91690208
10.43197567	79.99532094
11.66546565	-72.18408174
15.08784407	-49.8586599
-5.368009961	-38.60087339
-20.76109267	-29.83871313
-47.46432001	-17.72129359
-92.46123145	-13.74510799
-101.8277328	-20.39206407
-18.96407518	-5.335321879
68.22164964	-6.326253741
-47.75456681	-15.22729422
-76.60075	-23.49239336
-152.1976851	-4.4242341
89.15978613	-12.1260598
60.36931229	-22.25755809
-103.7691929	-12.5809864
54.17152797	-19.12996867
34.27025971	-20.68351441
-106.2460843	-6.47909921
-163.287367	-31.85236365
-154.6430903	-34.6529562
-178.2192601	-20.51591404
-145.3500927	-31.65685484
173.6920667	-16.40507409
-152.6006135	-22.20905552
-162.2239866	-18.43917699
-145.3682868	-12.80123727
-119.0000986	-15.6794665
178.3987453	-67.41232817
-174.7324905	-79.34147906
178.766016	-82.73527582
172.0462427	-84.07533283
161.2734377	-82.14284847
148.2976667	-70.92471062
170.2142595	89.60366118
155.5711867	-89.05853051
-172.6197863	84.16957571
-170.1716971	75.07713825
-178.1547405	68.49542017
-166.1123766	74.64460719
-154.6241312	81.00367314
-171.7682445	88.09541825
-127.8091351	-89.43954012
-121.5431274	83.25140484
-98.18093594	82.80005206
-89.45776042	75.62651165
-115.2311349	-81.23809942
-112.1082412	-82.49478049
-114.0727652	-86.86376498
-67.58521617	-86.17262019
-62.65491355	79.63239544
-66.45624758	78.53326147
-42.08613604	82.42518272
-66.21766631	79.43765873
-70.29732845	81.59931563
-179.8844494	-79.26403796
164.6797965	-60.32147984
-164.0569584	-36.52458882
-161.993145	-19.21383752
-95.6115383	-6.342344476
92.73023385	-5.92717215
-154.2324378	-21.74106602
-121.232025	-7.1815831
-56.79048804	-6.128688244
9.733471884	-8.325589118
-138.2466023	-14.03514534
168.7894863	-67.53565223
169.9454682	-76.00773209
-178.4775356	-77.0832714
163.2337497	-77.76407431
158.6539873	-78.89549957
144.0168914	-85.85892977
85.29752884	88.3440864
69.29541347	83.67476789
41.32243188	89.71720982
34.92918781	-86.99938095
55.82958173	65.91847145
63.73252554	61.28105585
94.64332717	54.28662988
129.4498989	57.75252063
147.5930292	63.13869785
172.6282549	74.49348088
177.1744816	-88.60951065
174.4384945	-82.38919633
-168.2676506	67.96142255
-177.4359798	61.3611365
-143.9262865	55.43428136
-125.1258765	62.52140885
-109.3970745	75.51095282
-100.9633369	-89.3287801
-111.7360283	-80.99665334
-131.2442686	-84.61663421
-84.2193402	-80.49199172
-85.12671432	-66.23159363
-65.21177341	-88.31704662
-88.24841068	-85.53437436
-88.80610481	-64.5640993
-89.96889081	-67.83378996
-94.28472196	-63.76418644
-176.9196305	-77.55539276
168.567344	-73.06890697
157.5106339	-62.00860727
177.0356885	-35.28743088
143.8433023	-57.27059847
145.5333028	-62.20641152
179.6644575	-79.22973636
151.1720181	-68.44731492
165.8316684	-72.62362446
166.0901479	-82.26416127
155.3668245	-76.19767181
-176.1091985	88.77637693
168.9457965	87.99480026
0.747758525	-85.00641003
15.59043397	-86.61926717
25.59271928	82.37471286
25.77237296	78.63708185
5.751050451	53.82363929
11.47098759	52.79434867
40.63460599	41.23604789
5.440259479	59.54366347
-13.70026292	65.26299093
-44.25226404	70.54284057
-41.48302156	67.45783835
-34.14316337	69.83356489
-45.78129864	88.17175231
-42.50043167	-82.18387476
-36.05044432	-81.30404583
18.17752012	-75.29111608
32.20654741	-65.63550399
27.00483591	-63.94008616
26.15832413	78.82696678
43.8118036	-29.55168943
45.06727693	-22.10568197
63.63267304	-10.95191827
115.4520661	-1.137952168
-11.02654098	-5.466142987
73.41879334	-11.879614
140.3421985	-1.574097268
-58.04310149	-3.474576607
-33.42578547	-7.192500421
-37.48613403	-15.28948322
64.62581895	-14.93359782
-33.07918218	-9.998879472
71.17214255	-8.044990413
81.98946727	-11.13659445
125.3709949	-3.456838693
-126.4367132	-6.510419291
-106.6291259	-10.03011253
-151.0264665	-16.81365162
-87.25281501	-2.796269615
-76.47402133	-7.526395565
-69.15076278	-13.94589431
-165.1072438	-14.5215218
143.936824	-21.31591722
161.0294445	-67.42408625
172.9839521	-78.14120508
-177.6278747	-83.20452806
172.6935663	-83.93510433
166.570164	-73.28417736
173.5937414	-82.63303955
-178.1429612	-82.36908371
-171.9184846	89.80777279
178.6894414	-82.56873816
173.5625735	-82.99471967
-178.8252273	-82.72460294
172.5619771	-83.4297833
161.1995473	-82.32879802
173.9324197	-83.20005055
-148.436365	-75.8998016
-142.4471634	-81.04297879
-172.3750243	-88.99622961
-133.4632909	-85.520204
-179.2631597	87.71592242
-133.1700886	-86.67991978
-128.5410892	71.89779103
-128.1714597	63.65117174
-119.3714439	73.75141224
-106.1260474	73.1382518
-81.73096678	81.19388751
-73.10714457	75.88961354
-65.17416626	74.85971652
-55.47983514	62.9626689
-52.38652111	51.80519383
-84.06876277	38.13946298
-104.2668011	35.94978124
-135.1818365	36.49041602
-81.60100637	13.89722817
-100.2103727	12.20601135
-153.1549293	20.82435817
-119.6961778	12.41752377
-173.4891436	17.49672028
-165.3024442	40.79639661
172.2569153	72.34960595
176.5925949	-86.36242732
170.6056676	-84.82503848
178.9907733	-81.83587421
157.9398136	-82.87458152
172.1709255	-82.40328543
-179.5416785	-79.91202766
163.3974749	-69.45251029
176.740926	-82.27758643
-171.0064585	-89.37282872
171.213872	89.01151626
178.984472	-81.73458837
171.4887434	-76.15670413
156.6514137	-68.04243166
145.8790829	-62.38128106
166.8710339	-83.7211302
172.5135381	-83.57961628
160.7070355	-83.94607038
156.7836547	87.27856432
-172.1508931	-87.29823129
179.3082224	-81.45304963
173.1492404	-82.56236664
159.192988	-83.29187861
172.2092182	-83.28569009
-171.8067978	-87.81610879
-175.6828939	84.7155838
144.340734	88.08487761
130.0858689	85.85441141
125.9857218	83.35886127
-8.043487852	-84.33913586
29.87659824	79.92204396
94.13298269	61.47225091
121.0607443	84.23501509
129.1036162	-87.61492918
145.5546318	-87.59227845
166.5779618	-81.65560714
179.1567767	-82.09782227
-176.3239792	-83.11987088
171.3372273	-84.53358428
179.0410792	-80.18059186
-170.0214109	88.37323521
-169.9803119	73.20229077
-179.2340647	65.93997455
-165.7789899	58.72345601
-142.8862741	72.48920972
-80.04944055	-86.64357988
-57.33389751	-81.52017347
-36.60326678	-81.07690003
-40.0817623	89.89543307
-43.44817402	-76.98747756
-42.44159871	-79.3921031
-72.46367732	-69.68608094
-64.33109465	-82.36029556
-70.17682917	-63.62299064
-89.214235	-88.0899528
-107.8414296	-84.7491593
-115.4962315	-84.99989699
-96.02588805	87.28920981
-100.1394808	87.90264672
-101.3677364	77.23812753
-88.46685398	67.61600946
-90.01448178	64.26825625
-84.71956057	53.33761859
-48.57940722	48.48360342
-45.83470856	44.65626084
-49.05109139	36.80761009
-55.24895646	36.33416342
-22.08875494	58.15590074
-9.616860313	59.16417883
-24.43844295	76.6648199
-39.26773184	85.13730916
168.6195287	-83.95821886
159.1401374	-84.07457958
151.4469381	-63.10074007
0.534408496	-84.4043583
9.922656322	85.46230682
-0.681785936	-88.52782438
8.319065505	-81.78403234
-7.880447843	73.62677084
0.164875383	70.76149635
-17.48026874	68.96711593
-26.77355056	72.19412548
-41.4792543	77.78673399
-35.35833224	66.6102809
-44.56400798	68.14047494
-56.85385944	78.45358527
-59.89371165	87.95413543
-49.15676057	-87.73283709
-45.12256067	89.74087938
-12.61044128	87.73870901
6.646767766	-85.30180482
9.98462115	-82.57313218
26.28743065	83.74118257
12.21638571	-87.66783181
3.511617901	-86.59122463
13.43179068	-89.49065724
17.15822566	88.51728112
19.24981733	84.1956111
25.3571677	76.93828995
19.87994917	86.49353106
39.95344756	-84.56286658
34.7656272	88.03565465
34.10532176	77.06858232
50.90983783	66.79783144
61.24870527	63.79358397
81.70238473	74.72214745
73.88631925	75.24066022
104.0537386	74.15041307
110.3726797	82.89848614
123.3394309	86.38837859
135.7256948	87.83106441
125.9349581	-83.54490185
148.2990254	-79.83087119
152.457929	-84.62528026
170.5374843	-85.24226125
178.5164528	-85.88250037
175.3756453	86.67876528
143.2534696	77.82545991
141.9012609	71.68307148
139.5815231	68.23354225
141.8210772	60.48488296
149.8117864	66.38713789
166.5633525	83.70546771
-178.8879799	-89.93924336
-168.9946144	88.75606518
-175.7370633	-83.98977485
-173.120706	-80.52237731
171.9080615	-83.82127179
144.4922145	-83.53973712
134.5699971	-79.08774748
113.0242065	-78.08253476
114.72804	76.26612443
99.11931824	-86.65606882
89.93325884	-77.26019325
85.15893587	-77.51122927
74.28946467	85.36101115
73.80772576	77.80544505
62.68120496	70.21046038
55.93539262	60.30702802
26.4542568	74.52808297
19.43146977	75.87743398
10.5071327	80.33786309
-1.80607221	77.71702484
-12.32453844	67.65003246
-10.81760745	62.72415775
-33.82574744	71.48393769
-45.11487965	78.16543491
-56.64182693	86.84284605
-179.865259	-86.47833245
159.5459255	-76.3750472
159.7311835	-80.76632589
177.9523708	-80.8937258
-176.9296158	-81.56088145
-171.3474305	-88.71579027
-153.1496103	-79.63962264
-164.6882083	80.68415486
-169.6101066	75.08910464
142.5154076	-75.7248774
106.6752181	-81.45206168
107.7671051	89.50593826
75.35332279	-74.10226038
65.59452647	-61.87259391
31.7765133	-61.75434372
9.651228299	-64.73039639
-18.6645477	-68.00054107
-32.36697222	-81.94323724
-47.89314483	-85.40460442
-69.37486187	-81.99243728
-36.67040708	70.98310844
-36.93487207	62.45454404
-36.92025963	50.15081072
-31.74183469	38.26407377
-24.45816744	32.42256667
-11.41165532	29.47213809
1.202255619	31.38695166
-37.3634585	31.47794017
-25.12586508	29.43550178
33.69328289	34.73442037
61.01219504	19.93667977
84.36547663	31.40600762
55.61034126	39.73664863
100.8437193	61.62923657
109.7777521	68.58784073
143.3180004	63.44546234
138.8913797	59.47094918
167.3101208	-81.23958202
-166.8004118	-80.35440812
-130.3811642	-81.94587752
-106.9643294	-82.23154965
-94.19741842	81.78045683
-88.8040205	-62.04063421
-122.383338	75.15182878
-144.1722684	-85.92895029
-163.3452667	-76.58986063
176.9126047	-83.16669745
167.6892538	-84.98450633
152.7826351	-73.7429605
179.1916458	-81.84920471
167.0394504	-89.63320452
-171.227413	-87.79858803
-178.1899571	80.23307715
-178.7426172	74.48898724
133.4798251	-87.30821679
121.292541	89.56552355
106.2758475	-70.32588205
117.4813269	-74.03711578
132.3111065	-86.81978616
131.3769936	-89.97822523
-0.43018096	-81.48863275
9.159131374	-79.21606511
-19.49510141	87.94428449
-29.95149618	-86.18836128
-42.15377868	-82.47787991
-52.86342856	-83.02695603
-60.90460699	-82.29007828
-71.80017743	-82.91222979
-79.75518007	-82.77992781
-91.89102527	-83.46350027
-106.1923585	-81.64029297
-116.9048211	-81.60156387
-123.5589475	-83.82196728
-136.7066395	89.81928747
-139.4319305	82.69151023
-130.9513687	82.12379098
-148.0302806	71.94342749
-152.018017	76.62931464
-166.031213	-86.12485631
-178.8836362	-88.25719496
177.6113	-80.00378928
171.6215837	-79.67974106
-178.263266	-78.87530177
166.4229318	-70.1366077
164.2508057	-66.15317817
156.7629784	-71.78581992
112.786423	-74.66383781
93.73312871	-62.25334769
87.81161794	-59.64140491
90.30001012	-58.05456306
168.319814	-79.81598067
178.0423948	-82.86752564
-173.3850822	-82.04594011
-170.9154528	88.99249956
-106.7096614	79.19770626
-84.97732825	85.77627072
-53.75363006	-85.4087666
-52.50800963	-82.28715735
-41.87312994	-79.32234
-36.05212052	-80.15144587
-17.65970042	86.19336335
-18.59104965	79.9697201
-12.22938321	67.85254065
17.82360867	83.49920148
19.81191193	83.04070765
7.691109658	-48.65960483
-6.017300873	-51.98795185
-22.3358042	-55.61467108
-43.98886782	-73.04878963
-61.58671929	-59.10073749
-63.9064008	-53.14701982
-71.95724367	-54.14932966
-96.21370157	-58.78107288
-126.5346473	-87.13621226
-83.06494785	74.3146127
-79.00178955	56.5856913
-51.57364264	49.96061476
-31.0201874	63.27055496
177.0898155	76.56273905
174.9703892	-83.01620957
-176.2810877	-84.2028578
164.4146638	-78.64103599
161.4056443	-79.97084247
-177.3775884	86.83531129
179.3294251	73.70959875
176.7143556	69.52890418
146.3855209	77.76249243
140.2267897	78.43538705
131.9370679	88.38215351
117.437537	-89.83715703
108.7274288	88.8338718
101.7945769	83.80567658
99.2241003	77.83029943
92.60137026	71.29695272
77.03777099	-87.90909664
80.002217	-68.74563487
97.5443598	-61.04676832
115.3587655	-64.7626767
124.712669	-68.26150899
88.85339688	-52.55303927
53.88840912	63.99200339
48.26490093	58.77065846
54.56969795	39.9137892
45.74812623	34.0565095
0.702738417	39.9397561
-7.53515766	48.73055881
-18.72726444	58.80234301
-16.98278933	68.73399309
17.00180432	89.46147924
7.516605751	-78.6771566
-5.604293279	-55.29011791
-21.52958731	-57.16848799
-42.85689781	-77.47723563
-40.6605203	-82.1551385
-42.0670362	-88.64708655
-43.78798885	86.0197159
-49.07081734	61.68002431
-30.85681173	63.32374939
-53.27247613	62.48819076
-47.83963148	60.16371306
-7.596624172	66.06415139
-33.13928485	75.41192314
-51.47999462	-88.69663604
-47.6920335	-84.1026049
-61.32091697	-85.15616217
-79.80980503	-87.89700646
-91.44071622	-85.3820111
-85.88522661	-86.82621486
-113.1870997	-89.6736446
-99.14290364	87.09023075
-95.23486389	84.26789198
-111.7536694	74.4354224
-85.5619223	72.71439642
-70.22187547	73.08207417
-67.04038771	69.81348134
-108.0973409	88.7343047
-121.3739561	-85.26893917
-128.8172737	-86.86168327
-94.61503552	-60.08507943
-127.6169125	-82.828729
-139.742018	-85.64249325
-151.8953936	-84.09882114
-166.6144974	-80.09149757
-175.7805949	-89.25279334
-160.9551769	86.02757521
-154.5144486	82.39077087
-155.2671447	75.4321117
-152.6923435	70.5867048
-177.4305815	64.47584799
-174.9790932	75.04144215
172.1867299	-83.04935091
-1.527224949	-87.74991709
25.26400171	79.78070766
-16.85114217	70.49814101
-14.95714809	61.25879142
-33.3826647	65.48851872
-28.08981536	67.04227893
-49.8589624	77.53979018
-41.02266011	85.66221116
-64.27465678	86.98156194
-76.13474087	83.61954977
-82.36347472	77.31878842
-69.26466357	76.63663044
-56.45055195	69.34356745
-40.29488402	63.83338902
-91.90646554	62.06902804
-94.18476638	74.27309622
-91.24845473	88.79242984
-100.1296888	83.60724325
-110.0488384	65.66206755
-34.60633539	61.24237209
-34.46775864	51.42904978
1.477219024	49.75083485
20.7580571	57.02153906
31.07693442	77.28191018
65.47555405	62.36296657
71.18362748	50.81152059
60.71818753	38.06829481
84.78992606	-80.75912299
80.33093289	-59.51120093
49.19812045	-43.85836441
41.33530075	-26.77987292
28.88100919	-20.02549562
54.15435757	-13.20929711
-5.993844464	-11.93044047
70.20073623	-10.52861985
164.6711834	-8.137123071
174.6027256	-7.007492725
76.09789778	-7.949619063
73.51463645	-12.77163328
-136.3369532	-12.90691424
-100.8211608	-2.000443666
-137.8773635	-16.53147752
-76.89836578	-15.04780574
10.93300615	-9.359539746
-155.5809397	-14.46475231
129.4593828	-17.86697873
-104.283829	-9.835542319
156.6917667	-57.127703
150.2189007	-66.32242443
160.2912883	-78.82666661
-176.6059062	-84.11535235
176.0244273	-84.29012199
-178.3547942	-81.86070964
172.732893	-83.17305502
-178.9529975	-81.23069635
-169.2984403	-89.26366915
111.1281749	-84.31786916
93.84169078	-80.08398262
106.3163712	-71.88589882
80.63044692	-59.73217141
95.2932386	-61.07877124
77.53201881	73.85199744
102.184888	65.30866042
106.4782239	67.52876783
130.1302144	59.53707621
143.498472	57.13811324
138.8924282	48.78095777
-178.3935258	-87.01593057
168.6115683	-85.19535215
158.2419487	-83.18924463
140.6302777	-74.1102085
151.8792822	-86.53124552
146.3612715	-87.84026681
179.3515344	-82.76665393
-178.1134237	-82.29737446
-169.0912358	-89.91046231
170.2005127	-89.47130226
-174.0923843	74.77028782
-178.5245205	64.11278415
130.613202	59.11150623
128.7236411	55.79669399
108.9168709	-76.25932724
96.50996485	-68.15758276
111.0754105	-82.41671816
107.5296843	-83.98051737
139.8076743	-89.54318682
153.9698882	-88.39474421
173.4549614	-82.32359079
-175.377117	-82.03400358
173.0053095	-83.97294576
-174.8215042	-83.09789586
-136.2151401	-78.77263225
-117.8283919	-86.37524969
-88.35594303	87.14483461
-73.74096058	-89.20056135
-100.7712107	85.41877156
-98.1943752	84.44709281
-62.4023137	69.89552365
-59.52776773	-83.76514057
-76.96986826	-85.5753431
-41.36222481	-88.81524791
-36.58755389	-85.75839523
-46.75347112	59.8285149
-51.64005085	54.3601201
-63.42209862	40.27823213
-73.95409717	37.19258647
-106.5234616	54.41584051
-152.8927666	66.1956624
-173.3815992	75.28000086
177.3123853	61.79238418
-177.3645842	-86.92631451
161.451857	-83.23054013
144.9263968	-86.60024825
136.975745	-72.09295853
87.78012693	-45.58979575
70.77476767	-27.68305965
98.91483636	-16.747802
121.398535	-9.069228582
-128.0371856	-3.897770889
89.66999628	-16.60102256
-93.55065897	-5.416908062
-156.7135036	-1.004936373
136.4526935	-13.99290032
77.97425298	-14.01904751
72.3050149	-20.24089519
0.992335586	-3.201351695
159.9936057	-12.57956851
101.1077025	-13.29028132
-117.9573998	-9.206577656
-99.98647189	-14.78037314
-119.3054879	25.33157601
171.556853	72.7783211
-178.5636981	-87.44837916
-173.4045901	89.99192555
178.7133626	-82.75931772
168.3314788	-83.24348241
159.6088471	-82.10346051
172.5941783	-82.48153071
169.63818	89.49178771
-170.5660422	-89.86841925
-159.9711062	72.755179
-167.123188	71.12890228
-177.8044574	61.74624785
-112.4959477	71.6303274
-113.9537798	77.24386471
-115.083025	-85.574379
-113.6349794	-81.61620505
-95.25724954	-66.74753344
-93.04679352	-58.40137366
-104.7932501	-58.44301696
-97.99444801	-62.32472949
-125.4630708	-86.88824655
-92.95542923	-61.62095442
-104.7527449	-60.2698673
-93.71738508	-60.36982321
-60.02158481	-85.75375124
-54.35568752	-86.81132715
-43.345068	89.92926449
-41.20933142	81.60225508
-46.84208463	64.43938296
-47.08582105	59.53946796
-8.462937938	65.58698764
7.59000604	71.79267812
29.90046651	77.2880891
39.03198176	-84.29537283
38.36610618	-71.44407189
66.4399448	66.4891351
101.8185454	-72.0747741
113.6481766	-68.93834696
116.9748601	-74.89581821
115.7395164	-81.41648759
91.69632023	62.14534844
84.20184366	62.10823898
-71.36459536	63.98551197
-107.004288	75.74457251
-131.3195965	77.45009177
-169.6331427	76.45777004
171.4846597	76.15443585
140.9801729	76.27095927
127.9839514	73.26399719
131.7180603	53.7416135
120.399109	83.19625338
116.4276454	-74.59894108
118.180983	-73.81891117
153.4560765	-67.33586821
163.8121081	-82.10382792
-178.7388634	-81.65652159
-179.9865742	-80.54966016
172.3352975	-82.20282623
163.6084034	-72.85181245
158.359392	-68.17842177
154.9977137	-60.39970665
147.1550284	-61.26550975
155.1154825	-74.59105248
159.2671693	-82.01292586
57.46930603	52.92638333
35.3533404	62.00894728
-6.959063804	68.49897282
-28.39521303	61.37997374
-5.778477677	59.9206306
-25.62204679	70.21915361
-37.91977254	60.90604632
-9.045465257	57.46501154
-55.69752184	53.7451258
-58.91633033	43.3852807
-38.39888925	64.35580133
-41.21052234	59.4159475
-20.75539769	58.3325111
-74.16962455	64.62329719
-32.57298082	58.48802113
-50.19601767	55.17666481
-81.76609536	63.24554488
-67.35226421	65.79082444
-88.96946091	72.31580135
-95.31286998	80.39795043
-118.1031503	73.45053548
-132.1414422	65.79795919
-133.5792912	81.27764521
-142.8810174	89.55637968
-163.5923399	79.3024283
175.6404279	84.1328257
169.2727616	-87.83202895
172.4349218	-86.46069028
154.8013405	89.57552588
153.7804859	89.08684367
167.1918651	-87.71215481
174.0381224	86.82616586
174.3938383	-84.05229842
134.7238367	-85.27170025
115.8316215	-87.70914713
105.6150413	-85.17385159
132.6201144	-65.43974422
157.0106759	-60.30886843
169.8925691	-53.50355987
-173.0082659	-52.07461416
-153.3513366	-50.5133382
-140.910328	-43.2905924
-153.4660023	-36.45983627
-151.5458867	-29.6411007
-126.6061656	-22.17695436
-151.8157887	-28.12229174
-143.394946	-19.60384155
-173.0861465	-12.84289305
-141.2519761	-13.08223523
-120.2284871	-9.175554678
127.4268319	-7.859498361
-134.1289678	-9.609842158
87.30325422	-5.593164536
-136.2603081	-8.190225032
174.607134	84.4053227
-176.9988624	89.22771968
177.6585733	-83.03924964
-178.7562288	-83.33092996
164.3696907	-83.99056241
-177.505496	-87.14740225
-173.3167718	88.92355406
-163.3496396	80.3171331
-162.4189273	71.14143353
-175.8150725	68.00317805
-149.4522905	66.44776483
-130.4322446	65.22232261
-121.6837238	64.88589887
-104.3223402	76.67812761
-106.6475564	89.26203845
-77.52159485	82.95157139
-70.9132564	74.57441026
-51.62740653	71.00090032
-46.22523441	86.52302386
-40.86908738	89.71139234
-49.75989145	-79.39499372
-70.42469431	69.16617271
-52.37519641	59.00091552
-50.18976725	54.78991597
-58.33463556	42.92622827
-63.59578283	36.83262149
-83.26702326	27.45490457
-150.7731519	20.25353254
146.0145055	29.76629962
122.6432432	42.63802517
138.0682473	87.10376291
137.8019779	-82.48650176
124.7569866	-76.31288975
112.3058698	-78.27567725
100.3046633	-87.07233206
94.60655444	86.58064988
72.68146	84.64683689
103.6613532	71.34358494
119.255735	75.26318284
141.3977736	86.02563094
172.4426981	-74.59829931
-175.6908217	-82.83045725
-173.148118	-89.34143451
-178.5915214	-84.49878197
162.178991	-81.68667946
148.186628	-72.84803264
135.2378072	-68.66123758
112.4973758	-61.4575201
100.4873818	-60.74532466
128.1638013	-31.47280131
139.7306813	-27.02755554
127.4034661	-22.92252958
114.3636465	-16.53307135
115.5520428	-12.77800153
-175.4041341	-14.28617972
-167.1000862	-19.41165513
-179.124271	-9.731715269
-112.2365449	-8.536722736
114.2515959	-6.653785644
95.86452038	-8.149393852
-106.9043251	-8.532894642
-140.992485	-20.61883391
-164.0455922	-19.98328107
-178.900155	-64.17389292
-171.8185359	-76.86467363
-134.8884545	-82.69608884
-110.344918	-87.81053053
-92.81876851	88.04205344
-73.93728817	74.46356537
-62.07729557	67.788036
-44.87183863	60.52639744
-39.57899704	58.42629308
-8.575735297	64.14909312
-6.641743955	63.42053879
11.72202104	61.99898149
22.85672573	87.37140554
18.84891527	-81.96320181
38.25882631	-79.93173856
3.502132751	75.40092743
-1.431338964	-89.73717316
9.493873754	-80.56471526
37.43310859	-76.95447934
43.54936199	-68.51127286
45.39567041	-61.2110583
68.03988219	-73.71202123
85.97401517	-71.57186392
97.28510351	-65.31903304
114.1437898	-70.2781858
121.6243831	-77.66626646
134.5782222	-89.9427527
148.1132435	-81.79234908
162.6104317	-78.67680887
166.3283294	-83.13515708
175.0508563	-83.30804757
-175.4984042	-81.59240574
-170.0192379	-87.82316446
-167.3246212	82.77015312
-162.7687752	75.63107818
-177.5268357	66.18725724
170.6079072	-89.99271544
171.2189365	-85.92287389
-177.9782187	-80.11748315
171.5064645	-81.88809183
161.0817532	-82.02346968
139.180486	70.49457888
132.0751541	60.2660544
133.7776401	51.98804116
129.2932091	45.61903689
125.9072728	39.88150381
70.34320204	42.28228794
55.95989012	50.93799983
46.50325097	57.89449949
-16.59617114	75.2968859
-22.21140933	76.59996458
-9.955878061	72.27067484
-49.35670677	55.37356141
-66.79041899	60.40329496
-80.10014997	69.19800532
-91.79734083	80.25788366
-97.32642643	-89.71447181
-124.2523095	-85.81031718
-135.4524386	-87.34786207
-148.6287098	-82.62363496
-159.4906048	-77.39015184
179.3114033	-80.7533241
176.1548924	-79.44952583
170.2135062	-81.3947997
-177.8513538	89.97597063
-172.801255	88.43160542
-159.7919411	75.26982422
-156.1669285	68.84023896
-178.0631057	64.1226741
170.002891	81.12391673
159.1167109	-89.97015797
161.9967281	-81.61138177
173.3937222	-82.25920831
-179.265674	-81.22623715
164.5743991	-70.06592827
160.4389641	-80.88687554
178.771119	83.05202452
-170.9880362	74.82570142
-164.1822408	71.08128733
-154.8466055	68.42466367
-151.0971602	68.10654801
-155.8850585	81.27035284
-127.5012747	83.24300317
-123.5548645	85.12277536
-113.8181157	-80.66995408
-109.4750032	-75.372003
-101.4140067	-63.27591687
-179.9909292	-84.41737626
168.0230942	-84.87917247
172.8742732	-84.24183106
-176.6729953	-83.5669273
-172.5746306	89.45092956
161.1876607	-82.61679123
172.3481734	-84.60091888
-177.4554971	-84.03365631
133.9257371	-76.41295501
111.0975332	-77.25535005
111.5329514	-77.34851388
-176.1876321	-83.55192663
-175.8137925	-84.11819254
172.9939563	-83.34368658
167.9257753	-68.78876983
160.3015844	-62.49018056
160.2037189	-72.3616243
167.9854823	-74.35686311
175.4128044	-83.094394
-178.3921733	-84.2345621
-172.9029304	87.30543229
-176.9081911	-84.26765639
-127.2774621	-81.72200605
-115.2505123	-81.21143253
-107.872034	-83.56835994
-87.99299972	-77.5557957
-86.45529368	-66.36762708
-75.11770136	-85.62782349
-90.25764498	81.55778179
-95.75464809	76.84031507
-103.7295819	70.91645056
-135.1077874	69.78294823
-149.739557	72.42312308
-157.3938143	77.13224102
-176.0505382	-88.41093767
173.0411491	-83.30106685
-178.2446407	-82.98408717
147.6890476	-83.85599842
179.8399908	-83.48685261
173.0660107	-83.92609893
164.0232522	-80.15426349
168.9744322	-89.30374951
123.4061317	-77.44151757
114.5486305	-73.50978324
3.784624999	-88.44063364
22.90341689	81.20712739
13.75768066	-80.43307041
18.27775359	-71.72738291
30.24960384	-59.34631746
35.58829328	-50.618164
39.76315399	-42.7003138
51.49780475	-29.91068396
94.63636933	-74.03496547
114.2311828	-81.0583656
127.9560443	-84.44764135
137.2506807	88.29147153
154.4184522	87.3261418
169.6348448	-84.8466837
179.4199963	-85.40034923
-175.0706556	-84.11894882
-170.9155899	86.69073707
169.027052	88.74422814
-175.8535422	68.98159749
-113.8941579	89.4722539
-102.1534388	-88.88199804
-75.41393994	-87.31190546
-63.70981652	-84.64670665
-48.88027677	-84.77603993
-35.94632573	-83.74726485
-86.5117031	-66.35416098
-38.9194687	88.64761519
-39.58325789	81.83971036
-44.14695673	76.50327912
-85.57112702	-64.7717973
-95.62509253	-62.40215588
-137.1681513	-80.55070088
-169.1312964	-81.75373219
-177.4734451	-89.70425078
-154.7628632	-83.54226534
-154.1490428	-81.61831163
178.0574272	-85.99776939
171.8433263	-84.69072682
161.710564	-82.74695719
172.8478773	-89.40953701
-178.460362	89.39062504
-171.1059662	86.50423582
-175.0823335	83.68323897
-162.1327525	71.06708837
179.3791928	65.90306198
-149.5561911	66.5674371
-140.313145	74.01024507
-157.9548416	80.86611938
-166.0302582	80.41791995
-178.2923344	81.76431852
-153.7396264	81.98766236
151.5613492	-88.53967171
-158.2167329	83.13108095
-151.5902573	79.07623341
-144.6034653	72.95293417
-136.2330789	72.54023309
-174.2277594	-89.5434029
174.7262609	-81.45185588
-178.2129004	-80.16229071
163.3804627	-81.57604526
167.1969733	-72.71329216
152.3706467	-70.67906644
-177.941465	-80.84677009
-173.3019549	-89.24481779
-178.1430346	-80.97786112
166.9016196	-79.31422428
161.8831056	-81.80814396
147.3211137	-75.79052225
138.9967786	-71.90882613
115.644112	-71.84447196
114.0544698	-74.01399235
111.1729416	-79.31055825
117.6961632	-88.08488
133.1430525	-88.72030342
131.3481879	87.9668196
113.7487597	69.09923414
127.4644012	63.26440245
135.8284412	-87.64944875
146.9672152	-77.91138999
165.0563526	-81.30366788
174.4547207	-84.1443952
173.0930393	89.89008728
-173.2524752	89.78126956
-175.6262762	83.37486413
-167.3894678	77.27893414
-163.1965544	85.11308849
-160.5226348	-86.65720908
-161.5926081	-78.69964206
-161.4519041	80.02160871
-171.3308993	66.41126337
-170.2519285	80.75085285
179.0304391	-82.54518858
176.3837793	56.96186204
174.8920676	53.93231206
-173.7507221	66.35196031
-162.0361767	75.67327344
-158.0311193	72.73935569
-151.0856515	70.91101758
-160.4589631	84.06001627
-165.9737293	85.01112829
179.9459328	89.03242853
168.4320346	-84.923421
-179.2371242	-83.46479292
-173.7493746	88.74328041
-169.3093585	80.37948774
-175.9189858	68.48007334
155.5942872	76.14587837
-171.9295071	88.14954414
142.5937457	89.27426529
131.4348247	89.5942939
121.484423	-88.16555693
114.2853001	-81.75757773
127.1628332	-81.81975018
135.2588138	-80.04319401
153.6710639	-82.76192899
163.2963374	-82.53591162
173.3964705	-82.32308931
160.0281518	-73.78859487
-178.2106758	-81.6293386
170.9316991	-88.69590353
128.8213158	-74.58694654
107.19266	-76.3843428
107.1107445	-69.71341537
102.1651589	87.6581623
101.5268331	82.09547776
105.9504575	76.07448671
103.6235024	68.75343631
142.1585009	63.98093262
143.1964553	60.62958392
135.8209724	55.84593266
133.674519	51.66207312
134.2078327	61.77383936
-173.6973938	67.62301745
-156.7579004	69.7801912
-146.75309	74.06619241
-135.462904	75.37525762
-124.4625247	83.34002049
-118.6585689	-88.76358825
-115.4835565	-85.5133038
-110.174037	-83.49977899
-101.8290824	-82.51870474
-87.07788035	-87.06728433
-84.33654867	-86.26445502
-90.54115958	-89.75918802
-86.44758327	-68.79667453
-88.79131048	-63.75338905
-66.71399052	-66.15928896
-58.73590063	-82.74741054
-44.77334017	-84.1385565
-40.81250216	-84.56654798
-39.39354031	-89.37499213
-32.55902154	-84.19879331
-19.59938982	-85.47697069
-25.40349819	-85.52383623
-15.72638594	-87.73154308
-19.59642037	73.1410672
-9.560804236	68.47042747
-11.99694493	59.36189936
-11.29386392	60.16929414
-9.600868817	64.87295368
-13.01678451	59.10869407
-13.99543071	55.59198535
-28.57831162	56.97054618
-33.80747763	60.4234588
-55.65253647	64.11515375
-71.02088207	71.53768618
-1.3127897	-85.9530684
-3.460895005	86.27673126
-13.48213054	75.42236465
-15.82515149	67.83046898
-16.18845725	63.32164416
-39.38062424	78.73803554
-52.36649087	89.31836012
-60.55252224	-83.07367716
-75.01525356	-66.74741484
-91.84586391	-63.15520899
-107.0245996	-70.50597834
-119.5355149	-81.3417683
-128.106762	-88.33521183
-128.583897	83.32755241
-103.1859611	75.50331203
-86.52319132	75.28116763
-71.43679086	74.00984347
-85.84381236	66.62896354
-103.4876498	67.63401997
-113.5261111	77.04207193
-103.8248185	79.66386004
-100.3549506	88.51093798
-125.8398114	-85.25544518
-147.1588365	-81.64267986
-162.4403623	-80.14490624
-179.4125085	-84.2768999
177.0924052	-81.87550565
162.000387	-81.13000388
157.5800966	-81.33021193
154.581665	-70.44660967
143.1674866	-65.04825451
123.6715606	-65.8039939
139.3744438	-68.28754744
110.043431	-65.32012008
99.89806592	-63.21400476
88.7249032	-58.29585305
161.306493	-27.88304091
-175.8749782	-16.65794462
-137.8658557	-11.27996571
-129.5013552	-4.480629516
54.68837121	-4.653228493
-83.98627548	-6.756704759
-91.40130058	-17.20095543
-118.6080767	-18.27182242
-122.3745179	-15.24088313
-167.7670463	-3.090000195
62.57819973	-5.80067441
-122.8024363	-4.545899965
-115.1468107	-19.39358045
-104.148487	-28.87095655
-95.03841906	-25.77746412
-72.60616095	-35.82228098
-55.9779796	-60.83030939
-47.02237508	-74.19449702
-38.77521282	-86.51669416
-43.7819984	81.79620338
-43.43855559	75.67439598
-20.53593905	72.34069979
-6.453148275	71.09951844
-7.843604634	62.11925424
-36.68158671	58.78318605
-53.76922449	48.03905532
-50.71595078	31.99285672
-17.51987261	24.62816209
87.64894078	1.179922777
108.8477558	7.336087377
69.35742043	20.74486522
7.610615642	39.4055957
-8.983455803	63.78048193
-25.40526983	75.0821714
-113.7725852	-83.1678901
-133.6226215	89.85740054
-151.9352707	86.37411778
-170.6839002	88.88703586
176.8815817	-87.93358964
170.1197443	-83.21735956
-179.3614573	-83.19954808
158.1874643	-82.15710819
138.5487566	-86.06369589
-1.984321885	-85.89281133
9.628859664	87.90601609
25.14028507	78.70240174
-12.22182109	67.94606095
-21.61734768	69.67013823
-45.79316899	86.41662617
-58.4309521	-89.21114524
-41.01659688	-86.74842159
12.57188579	-73.53977796
9.149375375	-61.22608115
11.55704658	-78.27790662
-12.22286748	66.45676679
30.17116421	76.43711085
12.87438216	46.47586235
20.77175118	38.27111645
48.71818593	29.75631221
7.461601591	18.69744595
20.49928613	8.674133035
-13.91465491	7.884227903
-22.67628359	12.00732483
123.162161	4.924602829
145.2139681	28.53955778
141.9685772	44.9545305
141.1059121	51.79365795
105.6140115	71.2241952
80.83161525	72.7648385
107.1407914	-71.38338193
119.749916	-74.18219614
126.2394097	-76.78301407
149.3790804	-76.87301807
163.510577	-81.67177204
167.5358248	-83.87245435
178.6785482	-87.10788089
-175.1900481	-86.26923008
173.2463139	-85.11869829
160.389302	-83.71767613
-169.9645841	85.80582132
175.6277038	68.17694209
108.1870697	-83.08067487
112.8898478	-76.98270623
154.0448569	-77.81638797
165.494167	-76.71143718
173.5794524	-83.18716573
159.3159642	-76.1984107
162.0867321	-66.95924762
174.4983357	-83.63075137
-174.1420818	-84.45207577
170.7230712	-89.46445204
-138.3568685	-82.3892191
-120.6436523	-86.75068899
-111.6084743	-86.73074434
-83.47968493	89.68659828
-86.04072327	-66.78308677
-78.78729558	-66.06866998
-130.8356148	-56.97659703
-94.38391629	-34.35471536
-102.0008855	-27.05025714
-107.2111223	-20.04769676
-164.5989133	-18.73578214
155.3359413	-3.190481638
117.3498892	-9.071572113
-148.6595619	-3.286527972
-165.8846273	-20.3709149
-135.0756569	-28.17927824
-131.2444332	-78.17148877
-133.5215895	-89.96937411
177.9425408	-85.38392951
161.1633535	-79.55361072
172.107705	-83.37819432
-177.8277102	-83.4586382
-175.4348318	-41.16563542
139.830758	-66.57032738
111.0118398	-73.60453868
116.1168128	-74.07429201
160.3610469	-79.4915971
168.5764085	-85.89620883
153.4140836	-87.78401711
147.1122143	-87.86569939
154.8580611	-86.93062835
157.5427144	86.23815093
-176.7018189	-88.00599989
-170.9820741	82.6585841
173.641305	64.95840902
166.0774219	-84.16233077
161.0598974	-81.63027397
-169.4462738	-85.92478196
-145.8596786	-82.165561
-130.8057102	-83.06183153
-164.6937097	-76.14917678
-166.1869039	-78.48620108
173.7825098	-84.43601308
175.2844962	-89.8463239
144.8792877	-86.53003081
135.5490765	-79.56202871
155.3343364	-87.89373857
149.1318205	-87.22940065
154.928394	-86.29143294
-169.2933114	88.02506921
156.5894472	-86.88671679
-171.8931625	-83.20017969
-79.57176054	-87.57250967
-63.26851196	-85.36673829
-50.55902872	86.39018404
-65.88120182	63.08644646
-50.49512044	51.81968408
-68.07583452	43.92515294
-90.89683965	64.20375993
-111.1591632	80.95792168
-130.3539049	83.42162008
-138.2968048	87.85387783
-157.2345987	74.210523
-179.4183009	87.72732745
167.6641059	-88.13890941
175.5833946	-83.27811291
171.7509413	-84.01615542
158.5934594	-81.37131354
-178.9570896	-83.45292359
163.1439704	-70.34875288
148.2766625	-65.30188165
148.0553034	-68.76182705
153.681798	-66.3456229
148.2713968	-67.43337144
0.818004502	-88.59856914
7.027630406	-84.57936719
25.00530012	84.44091
26.46533517	77.28704875
8.030500572	66.62933864
-14.7329299	65.49287171
-26.16472965	72.30192756
-43.26797106	85.28745162
-60.12353598	89.91723118
-66.64184012	-89.45987201
-42.36957468	-87.53607057
-71.93908007	-87.88269639
-84.76713149	-89.19752238
-89.32676533	89.71588166
-99.95794439	87.43653479
-106.2517521	82.91900878
-116.6594016	-84.75466704
-121.3146552	-87.2433619
-129.7580137	87.15001842
-134.3072319	85.31667787
-128.2081966	81.81897234
-139.8324514	75.58300219
-147.0632841	70.23961228
-170.5955112	84.85847586
-175.3140477	82.12115181
178.5649238	88.37816578
-41.03744323	-87.77752824
50.77756899	-87.86670724
126.1010217	-85.03297566
138.8232742	88.53196414
159.0986711	-88.49625718
168.6395671	-82.89139552
161.7883008	-76.16943143
177.3463862	-81.80771689
152.6206443	-65.32065786
144.3771018	-54.96218524
138.1870762	-49.01304778
137.4325923	-36.52715124
141.3837597	-31.27923416
139.0475109	-28.05559457
147.457835	-22.46495203
154.5090373	-17.67533789
177.0150575	-18.63324641
123.9169613	-13.71090562
95.92931261	-12.9820872
85.58878174	-15.21143438
126.7511045	-4.295734659
138.3125232	-3.008401865
-129.7988466	-3.150721075
-97.49323828	-7.682617901
-93.21251608	-14.38837307
-171.1652015	-75.75147859
178.8560078	-83.05642054
-172.0292659	87.59938411
158.6320333	88.63950178
146.0003579	89.79501074
143.3271485	-89.47286638
162.67113	-82.6862284
138.3470415	75.92697729
134.2358723	58.37895097
134.373388	51.60121645
135.745131	41.53272987
140.6610556	26.53043023
137.5736963	18.29266024
119.3305215	11.21531081
-177.4581335	3.563734576
-50.81343323	3.351547679
-148.9471815	89.00100435
-110.364748	81.99628853
-129.1150159	88.68893072
-141.3125479	83.81947775
-159.8894705	86.61203492
-137.6645391	77.86930709
-125.8235641	85.2933176
-105.6536483	81.20876967
-93.08322467	81.09122186
-95.60226975	81.16786304
-84.01485052	88.27435331
-114.3981036	-81.51073947
-159.0772234	-86.83760413
-177.0436277	-89.51880352
174.6503907	-85.28781761
171.2962108	-85.29942162
159.1922826	-79.80500278
164.5355573	-75.48838392
173.1011446	-84.09218422
-177.1141503	-83.41693409
160.7259154	-84.26433675
145.916753	-74.63809357
138.0991521	87.10352804
128.055385	86.36842526
130.0582767	66.62506092
132.5499962	53.3452856
109.404124	75.18608072
103.673967	74.46397334
113.2703557	-78.41508175
90.89395291	-71.48474918
80.94583154	-68.20605492
71.73685273	82.45313808
40.87576855	-85.33349071
50.36434654	61.67445314
23.53956114	77.91010321
19.73746326	78.63622218
6.310280472	-89.03249806
-14.4830962	69.51155818
-27.91776109	70.02256988
-46.6254993	81.71585679
-59.54701202	88.24590317
-37.07727973	65.40247179
-6.257781575	66.36817329
-24.21454993	72.43300107
21.80793957	-87.64806576
44.94498273	-79.54902011
88.55347402	87.92519083
116.7859782	-83.97279264
121.7590721	-78.61445936
154.8593064	-81.62853225
168.093606	-87.62834294
177.8732833	-87.61008544
-166.0537148	86.17050103
-138.1900067	88.63112863
-126.2095327	86.79230114
-119.6511647	79.60792591
-108.2661739	77.21250094
-86.53960515	81.45240079
-80.92991768	86.20522524
-87.73471853	-75.74432483
-91.41679395	-71.58200197
-1.79583201	-84.70644343
-3.286600314	-88.01412848
6.166583185	85.26488197
-14.81799253	80.35389443
-20.22878509	78.34672374
-44.01407031	-86.00272722
-64.75507973	-77.49450421
-75.0428231	-77.47372158
-95.15805078	-73.98468933
-98.14434286	-60.01858572
-73.75885811	-33.06575637
-55.19300015	-25.79620167
-85.93960314	-3.156315009
78.11335643	-13.0031703
-99.11421438	-9.24014242
-137.2045562	-6.279269951
102.9933849	-10.08467711
82.71555664	-14.28923565
87.10790494	-9.416663429
174.8821677	-16.51859277
-162.9894364	-19.10033206
-152.1637933	-21.32240352
6.780049454	-6.139245909
-93.00264719	-14.00266772
-51.0383556	-21.51158508
20.14520551	-11.11629277
-176.2267104	-13.49709532
165.6678054	-21.38570664
141.0464339	-15.0462583
173.6289949	-62.89151593
175.2581819	-79.17877441
-179.4381001	-85.40072025
-173.9199228	-87.85273406
172.8201257	-82.7178226
-172.1252574	87.9676068
-162.9603682	77.24864234
-178.8569417	-82.89115129
170.0675224	-84.27659317
177.5311796	-85.16481148
158.8255199	-83.40319478
157.4197208	-78.49591905
162.4751019	-74.88441244
138.7092873	-86.9710619
132.169701	-88.12593195
143.0639884	-69.66723109
148.4586225	-65.32179155
109.6794251	-68.41071907
153.2636571	-68.81596245
-142.8436338	76.67586391
176.5738864	85.66038794
-176.9728677	89.82507903
171.5898755	-84.44211833
-179.7530749	-82.52144166
160.3768055	-81.62710117
154.0288962	-75.91531098
138.7747579	-73.81901223
168.2154504	-75.61486191
173.9076867	-79.33555639
163.1841394	-71.09784107
174.2345388	-81.11178862
173.157097	-85.98761334
119.6777201	-80.12186816
110.3155777	-75.40105239
112.1809035	-84.20753277
98.21138386	81.29020318
100.2561582	73.63916856
90.52650556	74.26319431
80.0776734	-69.4279024
86.24629744	-60.92380023
103.5206262	-60.8866363
127.3721145	-50.30880505
151.9352947	-63.95308968
164.854286	-65.76630745
147.9925204	-67.56848104
146.0774391	-73.94186674
168.095807	-78.5677514
-174.8292797	-79.01440244
173.9321332	-82.11603361
-177.5110179	-79.91859482
-169.1108592	-88.20433124
-97.65241484	-84.96377559
-70.11584056	-85.76804549
-53.76147972	-85.87511037
-36.6919605	-88.26777968
-5.515896176	89.11900626
9.230564645	-88.92196534
-15.98411694	64.55056068
-25.36014494	58.78661723
-36.95998658	62.23984061
-51.18194895	54.32528793
-50.78501801	40.97319044
-64.47775976	41.42852931
-85.68843897	48.77992765
-84.34212203	58.96359602
-88.29792713	81.39896391
-69.36467319	70.66897142
-90.14243917	78.02756789
-95.40860609	86.30751424
-120.1647795	-83.60919546
-132.0667616	-89.17491743
-130.460571	82.7256835
-145.5763099	74.74783927
-155.6866629	71.44468511
177.4789359	73.86616398
-177.024682	68.1867612
170.06718	-85.79752306
-179.8534981	-80.67540742
174.2211642	-84.15784732
179.6276297	-81.5453183
-173.3643915	-87.15963578
174.5101203	-84.82603272
-163.3175752	-78.24185132
-160.9226169	-73.75022261
-12.64643274	89.9015574
11.1457876	-84.48253311
-16.95717222	69.61684331
-49.39810981	84.32451828
-67.04472321	88.82151722
-43.54198987	86.9090676
-43.59877485	-87.79001464
-33.97646963	69.46294509
-37.98566408	58.58046599
-8.971637331	67.08528229
-7.770013552	65.19960598
-15.88811636	71.17091087
-20.18601635	71.76515341
-27.964768	66.56504114
-9.531056363	64.65774936
-10.31141213	66.06212686
24.47793775	78.06454908
27.67738379	80.67278987
11.64645902	-81.08637108
42.26693975	-73.50728484
60.39564667	59.81713907
87.52302785	73.20956883
115.5931145	77.72780336
111.0441424	-60.62623511
154.0737267	-57.18860912
172.1961082	-56.9276052
168.9012954	-77.57758797
-177.584522	-80.51575104
-175.8327472	-81.56521221
-170.3760359	-89.76888081
171.0210501	87.81369608
-173.7199314	69.99413995
-162.3663791	78.1096893
128.8625989	62.35380236
121.8833401	81.59002899
151.5838409	-74.68446931
161.6345091	-65.31858138
162.3964745	-58.18522784
158.1921239	-59.02117602
162.9658776	-68.28439312
142.807752	-69.34769973
141.0600292	-78.98815124
157.7529658	89.88535966
178.5056877	-81.77251213
172.0851757	-84.88784515
143.7649355	89.67830618
148.4609843	-88.48363402
146.1569854	-88.8584322
139.8539563	84.29381741
127.8561195	84.52184855
151.8535548	-88.94480921
147.4473887	-88.97539825
161.2035373	87.76763407
-132.452687	-88.69357406
-111.8357746	-83.39039094
-130.9254397	85.5061369
-123.9782872	67.9698443
-88.39088681	73.74705592
-78.08505933	85.61721357
-91.80895874	-59.48131321
-96.803911	-56.52203841
-167.7742219	-86.11261438
179.2244808	-86.07481661
169.9376666	-84.01606853
163.3085216	-85.20151614
161.5657876	-83.59427143
-175.8418153	-81.02453478
-163.5529232	-87.0550458
-113.1654974	-83.70692187
-90.57024723	-82.24228992
-73.87073028	-82.20226931
-104.0225922	-56.35416947
-137.0826569	-31.77016977
162.0959803	-83.28528728
162.9544532	-82.7351632
160.2557625	-78.59987989
174.7158174	-82.68988123
-176.595142	-80.58399515
-170.2292393	89.89401594
178.2752486	-83.9357999
104.0456489	-80.9229053
118.0140286	-75.68075286
80.45599658	-66.76919633
56.18351659	-49.94803593
55.83200505	-29.04091292
40.59221832	-25.35397754
34.02943321	-75.25770055
115.6960578	-69.91983845
136.5212081	-73.84638346
157.1935114	-78.05214824
154.5167863	76.18870261
144.5461133	53.3602786
-171.1100674	65.69892213
-147.4283011	71.13285568
-148.5894786	80.36152482
-153.1289206	82.69880763
-75.11986057	82.32858523
-83.86406585	78.08929462
-52.12050559	68.85230027
-38.36828334	60.88108906
-16.74386841	62.68664213
-7.95695776	63.33500743
-30.01079581	79.45872973
-37.49470594	-88.27215744
-16.39855742	-85.75936973
-23.69341678	-86.39231643
-27.55189681	-83.78727946
-19.89451101	-59.60395802
18.31582215	-70.75818741
15.66524865	-58.13032499
18.75579071	-68.4383777
11.12920712	-76.74151959
27.72733552	89.95981635
30.11922055	79.78369574
25.98624714	83.21028857
25.04479797	76.14695517
4.00116231	55.40435979
-20.78106472	68.01774223
0.288716264	-82.19520013
-14.44924975	-83.13303324
-12.50457619	69.9391433
-11.89808725	64.8159219
-27.23933739	75.41334465
-46.89917649	83.93889318
-60.42493467	-86.35802811
-45.65714396	-82.18774414
-45.2705775	-87.83963901
-59.61304333	-82.7307909
-82.86034665	-88.48258488
-84.50520679	89.04693703
-68.87721596	75.77877919
-60.70545597	68.84339372
-50.55367916	62.88181906
-52.12809408	60.39151128
-27.41964714	59.00485039
-14.55935909	61.72060731
-23.57302587	71.19147363
-115.4565515	-85.62613799
-123.7821708	-81.20295087
-134.9524035	-87.56490948
-150.2706007	-80.91006005
-169.7504288	-74.18522786
179.560284	-80.39665644
177.6668402	-79.7240365
168.1513396	-81.60169388
172.2246853	-83.34382922
-110.485901	-75.67233127
-109.2919294	-80.46432271
-93.76307782	-58.56800977
-106.4346842	-58.9785745
-91.36880601	-58.33462128
-57.92454622	-21.80118642
9.952866898	-54.60785859
9.426167868	-58.55218006
12.43993429	-73.41953277
15.18730448	-83.27816836
19.17351575	89.4384322
19.8895722	85.62697786
16.30966164	84.75961602
35.3135317	-76.11540461
38.58823616	-71.64149747
113.9938247	-66.74559343
115.4427626	-73.28620549
116.3549432	-78.57489627
114.3475355	-85.26059962
108.4491285	-85.40729518
115.8924248	85.73834088
129.5632217	83.27332696
97.90202149	72.87806371
93.2376171	66.93510119
88.32543785	64.16819548
131.0513547	50.74384599
135.4004977	60.30328077
136.1003624	67.57873432
150.3216082	75.31802187
175.7835388	70.55268325
172.9092058	67.86503358
175.7393969	67.23114442
-171.2961642	73.51817247
-168.4780378	84.00105247
-177.0966133	-84.36447193
157.8902051	-78.18263848
160.2681761	-66.10935613
139.9892695	-67.39093529
109.5025192	-70.05673794
105.2573462	-67.01867838
-177.3188299	-85.62497915
173.4457274	-82.81626189
-177.4606652	-83.40047186
-172.8783251	88.15965775
-176.9862045	-83.67488079
-172.8877657	87.48939788
-177.3226061	69.4952281
146.6943566	83.03354591
160.3393708	-75.22324322
143.1510271	-73.65064818
100.6339608	-79.85897269
109.9163626	-76.85235715
110.9662938	75.47596187
106.6309252	66.53241775
133.8001108	76.48315088
140.2139174	66.29308404
135.9653646	58.0734685
147.4684458	75.22019923
135.3346922	89.28411647
103.4499927	-76.23753213
74.15015796	-72.34304086
32.02218527	-78.71035373
12.78358539	84.12355674
22.12452562	84.05694123
-35.27331344	80.11145035
-49.74715181	87.83559426
-77.34755612	-88.62851392
-104.4216539	-86.83267665
-121.0673015	-87.11164461
-94.44688023	-63.48371296
-103.912236	-61.35534791
-88.73327551	-61.65209317
-89.56106842	-60.17368208
-64.19160438	-69.34942353
-62.10761187	86.98576104
-66.34946631	72.5136841
-37.53114171	84.24089719
-45.59502061	76.33862077
-43.26951382	85.26837764
-38.57716385	87.818902
-45.41234343	83.34757982
-84.63838532	70.19435268
-107.9932581	74.65874357
-137.785695	80.81398473
-160.5522227	-89.48887164
-176.6192209	-89.19136371
178.7380593	-87.45611472
-173.086564	87.20334885
-162.3657579	-84.9404985
179.6057282	-89.61485476
170.9478444	88.9768174
-165.8557803	68.81826346
-167.6012686	64.13212139
-1.789078051	-86.93063971
0.340745491	85.24177657
-13.64193217	65.47357913
26.17287024	76.54478696
59.21794074	57.80161176
60.30570079	49.85946155
56.06384625	56.77107201
-15.75930442	65.87609071
-15.52149668	61.26835707
-28.91242768	60.02834965
-33.65665472	66.35545469
-65.75151963	69.15906031
-72.50343627	65.57301649
-105.1579062	69.58825171
-115.0850978	69.61504716
-125.3970371	70.76618791
-143.9454457	71.35090041
-149.442228	68.47705375
-132.464373	80.5524593
-128.6990947	-89.10013382
-118.5461179	-83.03596962
-86.77885946	78.46637026
-68.18805786	69.82419261
-59.33671885	79.00027292
-46.76342902	-88.42277609
-42.02391856	89.88196916
-43.37847709	84.69438996
52.66129722	67.65197568
54.14650224	60.63920565
96.90915014	60.55909835
110.9991877	65.65884949
129.6887049	86.86814421
136.0515849	-89.0333605
154.0593547	-75.09679532
164.2114455	-85.44015164
173.6464078	-86.09060779
-179.050373	-83.67021982
-173.5493023	-89.69427676
170.1182773	89.28412853
173.0078696	-84.29426555
160.5926441	-82.68888234
156.5470392	-88.96292983
-134.9545353	70.11948255
-174.0999324	-88.30543683
175.050604	-80.19764614
-178.9628729	-82.28845658
159.7191226	-80.06052746
152.0681858	-69.84380782
147.502417	-63.51252225
141.2980056	-69.24242733
111.3523278	-69.22079889
128.9369016	-83.70635551
141.2354441	-87.38170772
163.4717483	-83.16104193
175.2931989	-84.3411952
-177.8902403	-82.56461804
172.2848854	-83.14935998
-171.2252255	89.56932812
179.4520682	-88.77926334
-179.8566516	-82.1253895
170.4838353	-82.83958855
160.1869842	-82.12126348
142.1337544	-76.88430655
144.7045891	-69.62235954
150.5397039	-67.02253266
173.0104181	-89.43701283
-173.4989255	-89.27987417
-157.0422544	-82.79120422
168.9703195	-84.90834859
-118.5985822	-84.23165813
-111.6719346	-82.87540525
-109.8634657	-82.08152533
-95.00978206	-61.02850413
-105.1904754	-60.91448737
-95.28501174	-64.15117229
-94.23062835	-57.24284319
-94.90523679	-64.21367644
-106.331672	-60.83364757
-102.0157526	-59.22442451
-70.86634371	-88.49109703
-65.73614943	-85.25575218
-59.93973883	74.49175118
-41.41092063	83.4164051
-50.12455656	63.06943716
-47.23408067	58.70057018
-8.820682888	62.98746236
-0.265612585	47.83584658
2.034747202	39.44709148
4.115535209	36.29178903
66.25615808	40.78532867
66.87493645	46.96501153
24.4442424	81.03597259
13.89551473	-77.62860785
9.546542513	-71.9882689
-3.260381662	88.18412613
-16.18306755	76.15242712
-34.48131048	79.30452407
-37.17487915	65.9682464
-47.06774046	65.13141596
-48.85731153	61.05458686
-58.61975203	-88.01984436
-67.1415723	-82.7975789
-42.27486702	-87.11365192
-118.3789645	-86.83167719
-133.3675823	87.24633163
-146.6405243	82.6084397
-175.6921054	86.40054877
177.1399542	-84.50705541
162.8559778	-81.82705253
148.2596348	-86.54115371
172.9796478	-82.95792242
-167.5027712	88.3491302
-170.015611	62.24586187
179.0214643	64.26070861
113.7674605	-82.16237569
137.8749248	-86.95880189
148.1193564	-88.4578526
159.7283797	-80.7832249
163.7079283	-81.54472803
176.5270878	-83.43904446
-168.9723422	89.98796253
170.2992551	-89.75392595
171.6437455	-83.30306873
161.2146568	-81.51192632
-174.2698595	-89.32214235
-160.9298098	81.16532332
-157.8185224	71.75693762
-178.2662976	66.52916692
-133.2437285	64.18528368
-125.1749958	81.11816325
-121.1902753	75.93080658
-111.6575369	75.47865146
-100.9737955	76.15601948
-118.0814981	79.00803361
-129.3306027	85.26726979
-122.7188882	-88.49033512
-117.9285856	-84.96843771
-163.4772575	-78.15979214
168.9838046	-83.05248637
176.4472384	-83.5518673
164.0361763	-80.71205752
158.5325731	-81.58284537
159.4153106	-72.60664222
-177.5671209	-80.57636251
170.6495721	-82.01217081
157.7472264	-81.49569447
139.640071	-73.97228816
109.6146172	-75.38695297
99.98450936	87.974851
57.45788214	-48.90326598
44.14809889	-34.92288557
4.984084406	-74.84991008
5.055688872	-77.62127338
-27.89103683	-79.14587348
-42.80782678	-84.83356154
-42.07268431	81.22820345
-27.34545095	69.81553404
-26.4827938	67.92176997
-9.020729073	65.14950876
27.46479172	75.74631928
127.2520312	-84.34919876
135.7372297	-88.76262083
129.484623	89.06967537
165.2437739	-79.30935523
173.3691957	-81.53186155
-179.2976585	-81.51461907
179.2018009	-80.03805679
159.3524978	-83.5037736
170.5823904	-82.77147326
170.5008509	89.84015239
-170.1627282	-89.84598598
176.496289	-83.45880803
172.3934841	-85.45977609
-136.0240023	-81.11214631
-118.9725159	-78.20571154
-113.0572931	-81.75298697
-86.18861467	-81.87756093
-76.02150621	-82.6108962
-57.27510368	-82.84755073
-42.84616908	-84.97097277
-61.74785853	-89.14837949
-71.32575359	81.24264713
-79.99743957	73.68277945
-59.68578911	76.45346409
-62.48230593	75.67681654
-112.4256917	-84.35332311
-124.6425642	-86.6396295
-2.369713291	-86.88280897
-6.290618007	-87.38405248
6.405142579	-82.14444113
23.97810561	80.00939398
-23.80887496	72.83822742
-45.55629742	88.77727274
-61.20402092	-87.02025771
-43.68962443	-88.04509205
-59.22364897	-85.60079559
-44.96181515	-88.59565228
-37.47564915	-88.87126743
-79.41888778	-86.87267998
-114.7266397	-81.45022775
-125.3827043	-81.18986701
-150.1350321	-82.69907103
-173.8874849	-80.06944474
178.0806749	-83.00273452
168.1622731	-80.30738716
152.5776638	-79.37063495
161.6492359	-80.71125854
-173.5630429	-81.46354706
-179.4794075	-80.63146016
119.6287217	-80.42097462
108.6875495	-79.56279447
128.0665934	-86.66520746
135.3377599	-87.42483337
149.0275956	-87.03960894
172.7086414	-88.12028348
-172.1161004	-89.00073365
-179.708529	-81.49652424
158.3953031	-80.66710502
173.5131269	-82.31104177
-178.8118379	-80.6764639
157.9538185	-25.30421364
173.9104176	-19.47763542
-163.4854307	-9.900294716
-147.4128016	-1.801454859
68.78039797	-8.707233274
71.42858899	-9.628649769
-148.535732	-7.670398315
-169.3368107	82.4825448
-171.2996754	87.26420601
-131.7732525	74.33968597
-174.9824161	88.41474692
177.5656587	-83.01122129
157.9299865	-83.13862197
176.9148433	-81.61170881
-179.0258074	-81.31581457
170.2096772	-83.37390352
-178.9490297	-80.89331731
162.3397929	-81.70093264
158.3442252	-73.72450806
159.015886	-69.43040329
161.5954163	-87.52420536
-173.7997154	64.16412261
-174.2716475	63.71350849
-159.1006499	62.71667927
-133.4718256	61.14213258
-122.732076	61.39552371
-126.0107976	61.06076419
-96.35219431	72.1532058
-74.23844984	70.66105373
-61.77723728	69.7709374
-45.39883962	64.26108807
-41.16207583	48.60463707
-47.99373225	34.68092205
-41.39271428	27.49650533
-19.58130636	28.26426275
-8.743645261	68.38616439
-17.30794262	73.3069973
12.06728452	81.55241696
29.19036074	82.04091108
13.40684198	-83.40996585
8.539657931	-74.97175526
25.80926204	82.00404341
1.289011172	-68.15810955
-40.19099655	-80.51315867
-58.92351957	-84.18486823
-45.82719443	-88.51026445
-63.49215994	-86.85452258
-80.60981776	-86.61535143
-112.1604231	-59.56904741
-98.24080987	-56.53001789
-97.28363242	-56.4026379
-177.5905018	-81.99160229
176.795552	-84.22798196
163.3001742	-83.03052571
160.237452	-81.66934078
135.8031476	-86.3866937
119.7863738	84.82701753
102.7808552	69.10788871
97.03184063	64.45055024
84.03642097	60.13148508
61.79446706	50.6091758
51.46303643	54.29109143
50.07909152	39.63517928
51.65460267	35.79340865
45.93180737	29.79088294
22.37525775	58.46518945
14.52920569	73.30452989
32.62989736	-87.79892426
34.90512813	-84.7503452
44.04230341	-75.6178229
59.376687	-62.54827249
71.5502958	-56.51803977
87.30547049	-55.80735255
104.3148136	-43.9751835
104.9831302	-30.79769824
121.9171993	-22.94212983
118.9132838	-18.79590067
5.163544147	-83.59799888
51.50510632	-87.46226326
29.79544546	87.25895789
22.17779438	79.34254327
9.070189663	-82.79986554
3.1523135	-69.83737527
-9.654872736	-56.25641881
-24.15263345	-59.59511446
-36.87528626	-67.99761897
-45.12783749	-79.38386122
-49.09737856	-84.28900906
-61.96085639	-84.00458629
-72.75700381	-85.23394799
-66.19822342	83.29746999
-44.56942567	77.50321626
-42.89870544	69.58762219
-39.50071838	62.41380833
-33.64265574	66.24422738
-44.81471078	56.38273807
-46.64355813	48.91331322
6.327527011	58.65298589
18.84572137	56.43403108
-9.731185672	71.24209902
57.97875994	54.8304293
62.1893354	50.34687969
88.03062152	70.48617055
91.08747256	74.29982619
104.2003425	68.24946661
122.1552338	80.74606823
122.6794207	-81.44587983
116.494622	-74.39835936
106.0401193	-73.59504349
85.56115453	-71.51714308
78.55751452	-64.82716415
50.11124752	-54.36006296
26.8115387	-59.15673576
12.10498341	-54.63881837
1.594406456	-66.68820178
7.837332094	-17.12146047
-59.37209732	-16.11108498
-83.85436244	-23.87789969
-135.6942827	-19.2411801
168.6140729	-19.01165454
163.7343319	-22.8587844
162.1464393	-21.65967566
95.97045714	-11.87474357
71.52850342	-12.90003504
34.62527074	-15.05587671
-17.03222359	-4.918838931
157.4703499	-55.03673862
161.6521228	-69.92228024
160.3043052	-79.53450409
167.2848794	-81.66824927
177.8031823	-80.66453889
172.6254177	-83.25160186
-177.9779698	-81.24150658
172.4716263	89.47124198
-177.8172382	69.10430817
156.3504346	-85.48527777
141.7507496	-74.19367696
141.0960215	-73.80071383
120.7528036	-77.17214597
111.804112	-78.92546437
155.9173113	-73.82296458
167.3999723	-75.37871042
170.8358667	-74.69199888
-177.4217662	-81.65359452
162.2743902	-73.60169723
161.6943833	-82.28808281
-171.6944127	89.39038099
169.9838709	89.5314507
-172.361292	89.40889802
-161.1859479	-79.54850337
175.2092263	-85.71002964
172.4477797	-85.13660973
158.1063798	76.39550616
-176.6237096	88.17662382
-170.274584	88.17646846
172.7622188	-81.54951604
161.2638425	-82.80263343
170.1548079	-89.26300304
-176.839137	-82.97626827
-172.2009236	-89.91632511
-177.6714056	-80.69608886
-171.8149663	-89.37353176
-177.8596064	-82.88014996
173.1792914	-83.46757327
-178.184668	-82.35582319
168.5716715	-88.05753077
160.2615028	-83.51420213
-176.9553984	-82.97993707
-170.9553388	-88.87840694
-177.8692699	-82.23209566
171.5492764	84.73490823
-176.7849174	69.10848911
-166.982189	72.43539446
-178.0394651	68.54499142
-167.5961649	76.30283008
167.8304987	85.83993536
171.5277815	88.9225039
141.6531679	74.14808209
130.9875373	58.95131314
-153.179971	79.88644857
-150.4045322	81.06754987
-153.3209963	70.52268404
-157.828422	85.05487004
-173.8224498	-88.76014457
-162.2033164	80.51261631
-167.7390236	76.74408949
-169.2234265	86.70047829
-172.0105832	88.35477047
-152.5797238	87.23967186
-144.1361172	80.66454556
-138.615935	78.87528487
-124.3397752	86.25209463
-120.8440654	73.94232307
-109.3956405	76.3051434
-121.3321657	75.80279279
-133.5236898	67.63630404
-145.5952995	72.90041357
-142.0305472	67.19317872
-120.5897809	73.43262757
-117.6281009	76.90008576
-122.5033804	70.85506166
-179.268018	80.91131598
177.7511703	75.99132927
-159.2687375	73.73441668
-149.2740316	72.5770762
-4.873433575	-87.82842343
-11.51279625	89.97730259
-16.64485751	76.77880549
-35.14097056	72.2466599
-55.64553006	89.75981009
-44.9971284	85.20646179
-47.01048767	70.19992054
-69.74891177	72.68244352
-66.95995798	-87.6661917
-39.97010036	-88.3466067
-7.196733279	72.20246012
-9.872184941	62.74094812
32.56139916	79.37311499
9.670920477	-76.4419196
40.46752217	-76.43507924
58.56825169	66.64682099
61.24290415	59.7417816
66.92127047	51.16829713
98.03878039	58.64306282
109.6759253	64.29760718
116.620392	73.18763004
129.0365695	86.4879576
122.3814845	-74.68102335
107.0546354	-70.62790634
82.61128559	-62.42253419
122.4114828	-74.96108792
122.7101609	-81.9052806
154.9913891	-75.82524793
169.1210805	-74.32300263
169.9194991	-84.75139032
-175.6584119	-84.28527273
172.1468814	-84.27223922
-173.3287034	87.65347875
-171.3027134	72.20877884
-179.6359417	66.54683805
174.3968628	-83.87480005
160.547917	-82.50808556
-139.4622742	-86.6008136
-130.1236746	-83.24176094
-108.1536368	-82.30116565
-89.54071836	89.19709246
-80.63362953	-87.52058166
-92.8712853	75.57552356
-134.1423403	88.78533819
-143.7311122	-85.87150883
-165.8349956	-80.45311345
175.5509701	-79.30086143
170.3688864	-82.15451353
159.5145815	-81.00563434
169.4632943	-71.14123323
167.3416925	-84.02467545
163.5782226	-82.29722485
173.6886814	-84.91012245
-177.3868337	-84.08184735
170.7081195	-70.70412935
154.2533884	-67.84807343
143.0139995	-70.23977028
109.5416213	-71.85158168
111.540481	86.46010284
131.793399	83.19144674
107.5783967	75.60438505
95.50790647	74.11706416
137.3053831	-88.8510741
156.1089414	-84.9124301
168.4418416	-83.22615874
175.0143814	-84.25738138
-175.5522311	-83.06908794
-173.6100395	-89.84675178
-168.7263901	75.90527982
-178.7117819	68.24316764
-151.8731735	68.91075303
-169.1237258	86.79915254
-174.3901293	-89.09820984
-179.9378346	-89.49078263
-178.6023742	87.98743169
-162.2010134	-76.80338451
173.0931915	-87.88539267
173.1493273	-83.60705839
160.0175119	-82.16550574
-177.1653869	-83.20825176
174.1892434	-84.66609233
172.2236266	89.398602
-176.7285504	-83.30298734
158.8782074	-81.89654274
147.5429559	-89.19210692
127.200679	-88.85676753
113.1504337	-82.81186209
98.48671711	85.57102845
92.90090867	64.41937964
86.36600542	59.49264347
68.62781713	49.29347714
64.11822796	39.57319971
50.98168516	30.31850538
61.14005277	24.36444295
15.8154661	30.45947382
-1.959972324	37.05279127
3.409291466	56.32414567
20.67755021	75.88044384
-8.046233566	64.33835645
-20.80323647	69.08668363
-36.69945639	81.3595791
-43.6075909	-86.1327626
-47.30148614	81.59987026
-57.66130766	74.9366541
-77.35519319	71.07581471
-98.29781263	81.91987873
-108.2841304	76.36960846
-113.5580064	71.39213263
-108.8311465	56.22806794
-94.67874004	48.43102208
-74.63247692	37.59709497
-50.51333745	33.10323663
-40.38775623	37.4722464
-34.85762583	42.98306625
-39.9778371	52.68041114
-42.39637339	61.29458339
-22.98272767	61.54600747
1.02172173	-87.6891044
13.07285687	-87.12489491
24.74859389	78.52906379
-18.44301596	73.40352986
-14.6171989	71.4365632
-10.47168647	65.56766072
-44.77879496	88.36603913
20.23956172	-71.16512655
11.59254756	-74.15573418
10.54593258	-79.49672269
13.7287828	-78.23293749
26.94443383	85.33883268
27.4135712	78.60371031
9.390040899	-63.23657299
6.271593136	-59.76126878
9.305021501	-82.65685673
7.902714935	-78.42902436
-53.02843712	-82.61854466
-71.78008193	-83.24135171
-84.69704855	-87.72365615
-87.59502477	-81.2600489
-102.3143361	-86.031492
-117.3395902	85.60125196
-110.5438046	75.94258317
-130.9689854	85.66554884
-152.4581576	-89.32203147
-161.6039673	-78.89331004
-178.016118	-88.16044126
178.3448422	-79.20384161
158.4008767	-69.41603633
161.3531572	-82.50662776
173.2401222	-83.67436415
162.4238015	-70.63780444
132.9122153	-85.18623819
148.7697514	-87.92707948
131.2768233	-86.81692616
136.7906874	78.40321959
163.6541975	78.93282785
136.7361005	67.01509541
-178.7784465	72.46459326
-176.6033043	69.12568886
-174.6706522	65.79069092
175.4675118	71.52765622
-171.7723231	62.44940062
-154.7444913	86.34037065
-152.1427926	83.45403176
-151.5168629	-75.25891612
-176.3938322	-79.5589416
177.6533259	-81.29756005
146.2336277	-65.87896645
100.7515626	-75.12126419
94.28359496	-82.81642604
105.1291316	80.24712154
113.8005239	76.61897151
117.1336802	74.02738536
124.4681009	85.85372983
130.5835211	-84.08685957
111.09187	-79.17578099
117.9193168	-88.95700732
140.3184225	-89.21429069
148.070191	-89.0937173
-1.211486027	-84.9658429
23.9044663	86.13005505
26.35419094	74.33900397
-19.7158755	68.73914905
-49.39300683	84.77935024
-42.88669637	64.91166
-65.1311345	68.50802984
-77.76697345	71.00784821
-40.43677364	-85.86600784
-36.09687009	-82.46136806
-44.36523349	-89.93020179
-35.62448151	88.13682064
-42.26311216	54.12129258
-52.95022594	46.86416611
-81.31742633	40.09924946
-99.11660333	42.83702032
-49.43544609	28.87635433
-61.67204516	15.31105476
-41.51613838	5.023895878
-139.5154089	-89.12986124
-178.9538574	84.83929729
177.4751515	-86.8648519
-112.3473285	-87.15254064
-76.55341887	-84.57084176
48.87256174	-85.34292487
156.543663	-88.39805837
170.6577185	-88.82893945
-179.6861083	87.50263938
-170.370228	89.20421586
-167.3063381	82.7311697
-169.9462971	62.78789587
178.1513039	61.05909933
127.8269912	57.09474999
124.913755	38.82722482
115.4343661	22.1340382
142.5949899	78.27466361
135.077329	-86.08040775
115.8213526	-71.72611109
142.7190219	-75.504045
149.4536445	-41.83015341
148.1797823	-30.4650767
150.5465319	-25.03312547
-170.2109501	-20.68221183
120.5602758	-8.017393093
137.1212484	-7.231379905
-125.1839207	-13.10479031
-111.4880677	-17.96185379
-89.45884692	-8.880349384
-116.8836815	-14.92168232
-98.58994494	-9.060703783
-140.2789217	-34.75914003
-144.5447632	-18.5113496
-148.6571955	-5.251369084
-123.2930109	-24.68070736
-155.7204193	-23.5806029
-162.1924675	-75.23622722
-179.5049927	-87.52869931
177.455115	-83.61394242
170.6661541	-83.71331749
159.500509	-82.31911742
174.5344771	-87.87003271
173.2589218	-86.11434823
146.2000347	76.99085035
175.9833789	-84.10437415
162.4641456	-77.41951928
166.1624344	-65.92912702
179.1524794	-82.37612698
-175.487243	88.36026643
-177.8757745	78.25847649
-178.8986278	68.10296313
143.6902675	-83.13868723
165.825682	-78.69222103
160.3662803	-78.00192952
148.035582	-68.76393673
176.0778919	-82.11956016
-177.2457626	-81.68049301
-171.8243541	88.81328664
-157.6388616	-87.81292603
-177.4356116	-88.28259134
-114.2501457	-86.27424771
-106.1563531	-84.34879767
-84.30495906	89.62044281
-88.21941895	-64.72271842
-56.71086309	-79.32948365
-62.8230213	-88.45501119
-72.33631185	80.57983141
-78.01934255	72.99900194
-79.43764484	68.975284
-40.55924568	80.83891641
-67.45651849	63.61906372
-110.1839758	85.57795194
-120.6897971	-87.97526927
-113.990334	73.35748002
-129.3939784	87.47318023
-142.4654199	-87.62342282
170.1193112	-78.43994634
176.5894615	-79.24775225
166.6366629	-86.9978371
179.3990355	80.41673494
-178.6884492	78.69874811
-177.0427803	66.0803672
142.7604496	76.22985023
135.0370507	89.60051427
113.7571265	-79.13728678
155.0175253	-69.78238114
146.1803882	-67.36136337
163.1326784	-75.78932963
169.1052197	-81.72375684
176.7276785	-83.74510019
161.8155438	-71.07824639
-173.2717359	89.52623836
-170.083038	87.01910176
159.0578749	67.14976706
134.4468691	69.86162025
134.6022979	55.51112749
140.5429212	45.37896961
125.9102881	29.26409764
138.3020276	55.7755876
136.0000833	61.91395751
96.73912789	71.69632671
91.59113155	70.7998653
120.0394042	-80.97171681
119.9219472	-75.41954711
90.99078178	-60.06910264
80.51877765	-62.44704636
88.63738845	-52.12838503
65.30707088	70.95400648
46.85857134	63.9286537
52.56051649	50.58892079
51.67918145	59.31512837
49.60826472	65.87130174
33.5424768	-71.34712125
-3.486476202	-84.50463396
-8.777629377	-88.52761251
-32.72005633	-88.54335707
-45.23666297	83.15926409
-51.81028703	75.40897782
-53.85734115	61.56470967
-47.8144775	54.46698068
-53.14472976	41.98931489
-64.14292768	34.77102261
4.261161197	54.36712467
35.49240161	80.4135732
45.94758312	61.91074965
40.93479155	46.0143259
33.38110665	43.20130561
-43.98342878	35.58927459
-101.6881235	-82.31506338
-126.7850017	-78.40194069
-138.0881446	-87.47803671
-151.706195	-83.43230157
178.5479655	-81.71647822
174.9337318	-80.52720273
151.8085029	-76.87877276
141.1497345	-71.27282503
131.1009556	-88.35245161
146.0127051	-87.89577821
-177.0549472	-80.43817444
110.5394143	-76.0113032
102.7040196	-71.41868225
90.44117394	-61.82445821
82.21987892	-60.44705599
120.2206749	-70.42376961
134.6303066	-85.42636064
136.1633417	-88.53211342
140.0664319	81.36499112
142.2313531	64.31333162
136.6776391	56.79186399
-171.9655597	71.73649352
-161.9171789	74.59173226
-149.186407	84.33535107
-124.2164987	-86.57171607
-130.795515	-89.35436902
-178.8219801	-76.42034732
-152.4562623	-73.33447891
-165.2794984	81.88900548
-166.8241865	69.5000626
-129.6291895	63.58905101
-120.169183	66.06671109
-97.15399121	76.8417336
-76.57334472	82.75491218
-64.2371576	82.64587936
-39.13674139	82.61750347
-40.71477989	82.58137021
-47.09251975	82.15963051
-36.64631116	84.19243965
-45.67003738	82.46215177
-164.1938902	-78.21290644
173.985505	-80.62489163
-170.9903134	76.69073007
-179.2371143	88.63300258
-172.6935365	88.42542216
-179.8729502	-82.4604545
172.0334977	-83.48209662
-179.0636189	-82.16630863
159.5020128	-82.81757337
134.6166382	87.5225685
122.6164826	82.93721625
108.4501939	79.437282
93.66978718	76.30407643
85.3522503	75.29924678
95.72677555	69.71481461
87.7166952	65.73160231
74.63687181	75.72770552
61.61609624	70.02664338
61.06593085	60.10921947
58.301455	53.02633873
70.93714523	44.82170265
70.36283754	41.17693202
63.79979049	38.63772637
52.67927313	39.01250057
58.11715567	34.12227867
89.85712856	31.68417188
107.375229	28.12292917
116.378585	43.4227772
129.0019598	43.78763305
117.6281812	29.92319003
113.1181672	28.31614759
103.1862112	36.44162528
128.1639896	43.60206692
99.55169773	69.06376668
77.32305381	79.37119481
101.1103231	-83.86122752
117.7660719	-78.70210168
119.8939786	-76.52719868
129.8598986	-87.33871467
134.8355698	-89.54914231
155.0667115	-83.40030267
166.4250459	-81.89509718
-179.8568083	-84.26308827
-176.167699	-84.30110329
-169.0306463	88.6203069
-158.6480634	84.78850016
-155.9763611	82.34210965
-163.9993934	75.77047149
-154.2679478	71.50389614
-176.1440138	66.33905058
-162.6810728	61.65875824
-155.5254677	57.18580292
-151.284365	53.72166947
-134.8297074	59.89338549
-133.8584065	52.58204393
-126.2547298	52.06563077
-110.452472	53.53387145
-95.41027616	52.32769015
-92.04859578	44.98380695
-96.88424719	40.58243051
-81.46244811	38.80717581
-65.7152094	36.66900382
-53.87012915	40.81713759
-45.56711386	49.71422467
-37.25350293	46.65854917
-30.79222358	37.20879086
-11.9536409	50.2439582
-7.086281798	58.03642804
-3.484312173	70.87406169
15.57437836	80.65230394
24.30292838	85.56654561
25.66005174	76.30789579
43.88322736	-87.30609282
0.644476594	-85.41514513
-0.066560325	88.99066157
24.99826697	79.52866597
24.33836211	74.576231
6.885788909	56.11796581
7.821613857	48.84901381
17.82446858	40.05940234
-16.97947517	48.8315335
-17.69021074	60.99479018
-30.03453735	71.52688467
-52.19651407	87.7892486
-48.64295054	-85.58222307
10.77821624	-77.12618883
21.52573937	-75.59068842
17.62854232	-66.19487051
8.70682579	-65.07862031
5.205251373	-76.29409235
42.17073248	-78.57367618
87.2557139	-69.84292329
28.98057679	-72.61842203
34.50346091	-81.48004743
55.48934354	60.01556535
66.23483626	58.02398823
69.19492874	48.77953923
70.17082711	46.28188516
95.23332906	44.08959803
57.12420109	54.07184702
102.2005032	47.09484553
144.5687227	37.70649951
126.3866213	34.36905736
116.9069632	33.68416789
133.0143682	50.95981581
91.49319613	75.71323847
76.14849039	81.92580724
98.6320626	-67.39275375
113.5037295	-71.09097322
118.7068234	-75.51870396
86.45832181	-58.43030414
101.4722627	-59.46606155
146.9573726	-75.6460011
167.6137186	-79.24261137
172.7390922	-82.70724596
176.8308499	-84.24403826
157.1322206	-82.63107506
114.4232052	-82.20348314
173.2066278	-86.10038376
176.7063369	-84.51795189
-177.1707312	-83.57488998
-170.4171383	88.49588048
169.6495634	89.90017632
137.5333388	88.04617276
-106.4119597	-81.4537675
-79.21900302	-88.41813183
-47.07776435	-82.62708878
-41.07326552	-87.06470907
-113.8546128	-66.51921525
-97.61582564	-66.90016421
-129.4518513	81.17029651
-138.7197963	75.84516297
-143.4234804	69.97921637
-144.4023306	67.08979556
-162.7622725	69.95919619
-171.4177165	74.83802373
-178.4137725	67.62766212
178.0777116	-88.85389376
-175.8274989	-89.5868019
179.142662	-84.52982889
172.2225613	-83.13610503
162.5725142	-83.80068743
-169.7821429	89.88136177
-174.9682117	68.7763069
-177.5858586	66.23723987
-141.9470418	72.01775806
-148.059142	74.07569248
-109.7703594	83.81891057
-116.3283266	78.37643244
-87.76393899	85.16465127
-96.72034609	87.97290928
-116.4025291	-84.88264343
-131.4395659	-87.44356176
-127.3525493	82.56445375
-120.3080401	76.99534602
-127.1768358	80.03275475
-136.9876838	87.64276463
-78.88406911	-89.34286255
-60.42721311	-86.18358196
-57.28269591	-84.53518646
-61.87306588	-79.85233915
-83.45170253	-83.00718093
-41.82716606	-87.75417613
-35.79240208	88.91880998
-17.80339301	80.54546976
-12.90562488	72.94832254
-8.600963667	64.40197792
29.34597042	79.22227324
41.95853427	-78.64393957
11.75688964	-76.33369166
31.77531618	-66.51498029
23.28995348	-65.73065003
59.68171745	64.1916022
60.48526969	60.60365136
85.66270209	75.12572973
109.8984303	70.4331326
123.5175106	-89.12871058
116.7471854	-76.13813318
111.566403	-85.26206993
132.9135098	-76.82099303
167.8261797	-82.49641695
-176.7849424	-83.39875551
-158.2632305	-86.90304136
-160.9980822	83.96854565
-162.5358608	77.85487289
-172.039439	-89.21259414
-123.0203683	-89.83344361
-134.801913	-83.51267198
-19.27527399	-83.47435152
-3.991314233	-85.51051485
8.850393564	-83.70357189
27.4978124	76.00878961
-15.20198529	72.34653936
-16.41508727	62.77745938
-45.07411801	65.37156897
-44.66420482	54.98982104
-49.7263723	76.50419171
-50.76319761	-88.25698045
-66.63939991	-80.76945036
-68.51841635	-54.39560317
-80.76524722	-45.5821907
-45.77409538	-27.49305966
-66.69473586	-19.68812491
-72.00615863	-14.89782357
-100.2660231	-59.45277456
-121.8103177	-79.93664865
-119.1381398	88.39634311
-119.5172161	75.87015621
-146.7416207	79.04228657
-161.3839389	71.98265578
-175.9700164	89.76869523
177.6322828	-83.29173911
166.709347	-84.52366404
158.2145229	-82.33298133
151.9793543	-73.56149355
143.9980768	-70.61101271
145.8026578	-67.2619621
162.6092232	-53.51304806
148.1148138	-57.55261922
110.99358	-73.7595294
116.0405876	-87.9434532
114.5464296	-84.37931248
109.9114001	-69.38919302
117.4082395	-76.79972264
147.5959111	-76.13522239
147.7902691	-72.03877757
120.6450378	-82.97116875
112.0837761	-83.0891321
136.3607172	-89.28015622
135.3496888	72.08804557
127.8012356	61.07578292
120.2047785	55.16010738
137.9431955	83.73731459
153.8488324	77.67704394
148.326343	76.6945464
176.4205955	57.7878677
-156.0178281	67.51374295
-166.9179817	76.93133024
-167.8911748	83.77250694
-138.3568609	66.46187598
-149.8687011	66.85168562
-113.9013886	77.08380521
-119.6475423	66.5366519
-114.0953796	65.8549127
-86.82532808	84.9774351
-72.3915102	89.52793462
-47.80715106	-87.52470965
173.9387966	-83.50622772
171.5209022	-87.03670994
173.2312784	-82.63744506
161.4087951	-75.50998172
131.6755487	-83.99295569
110.7489267	-76.3939432
107.9612351	-65.66874958
84.43539599	-60.04551001
76.12786884	-54.68492825
86.84080339	-29.87988021
82.44167188	-24.989246
89.85002209	-23.13725201
76.58012141	85.70689577
74.14108812	79.12526087
76.14671583	59.52606238
54.37550317	57.69028155
62.20695612	38.61268779
14.22988167	76.48701198
-16.47811898	67.23066807
-16.88413804	62.41546043
-35.29379392	86.65164713
-39.10613883	79.71065486
8.967753143	-69.57733086
33.54036621	-80.87098389
102.6068056	74.539963
121.3799143	76.58522961
141.1233291	65.04495664
137.774872	50.69244587
133.8404591	72.94884118
137.7023209	-87.37450933
164.847396	-75.46641474
-177.6673887	-81.66611012
-174.9070327	-79.95921128
-168.5653946	-87.79918549
179.315091	-81.2112721
171.5748798	87.33636611
-160.5088992	80.6631522
-142.853537	86.85629212
-126.7560016	-88.14103657
-128.0170878	89.89580339
-116.1696494	87.42383694
-108.6512232	-88.82056212
-115.1339875	-79.84036607
-78.5019555	-77.7835235
-82.38018907	-60.25714293
-52.81179213	-67.32209404
-59.25894795	-30.07199268
-56.26377125	-28.12918148
-31.72784919	-72.8963948
-42.95041537	-85.57893443
-43.1082273	84.79507236
-61.87975037	79.84232857
-70.8078472	67.68950281
-57.56423061	56.96865961
-60.16640718	69.16203548
-64.6054565	72.8689396
-90.83001219	76.60198133
-80.48032043	85.32169601
-73.8445177	-85.01877003
-68.38554645	-78.84724867
-106.9576918	-73.62210144
-116.2896038	-76.01799073
-137.0129579	-83.60524802
0.193261619	-85.58136393
13.39740863	88.43484206
10.56598362	-73.45479994
16.05012565	-56.14719268
27.2293201	-36.71475922
24.59954326	-27.91546003
26.85348649	-21.83196281
27.75274821	-20.22871375
15.27438753	-22.92834501
78.60194435	-47.52905136
87.13402677	-48.26108953
99.80321348	-53.59075071
111.9645558	-55.52708569
117.6274416	-62.8487754
98.92658712	-88.91919697
113.0432477	-83.06496635
98.51088117	78.40809198
59.66501365	66.97190339
59.36816391	60.58351426
92.19350602	59.11191152
38.79128162	56.50802333
15.88624271	83.64328383
-2.915558614	89.04428753
-19.49258751	75.16242049
-28.10919864	70.776287
-48.89498867	78.53722012
-46.95570497	62.98202482
-36.84839192	65.11975094
-57.6953001	-87.77948092
-62.98367199	-83.54368555
-42.83802748	-81.68823738
-42.03561998	85.82770414
-46.84402165	59.91286406
-44.97531827	50.81858211
-79.44213685	60.62753412
-45.33044585	54.1838952
-47.2942258	50.25554767
-83.50238504	83.44201724
-95.6393836	-77.59966751
-100.5321904	-65.44514878
-96.54251286	-61.38417326
-122.4747214	-87.67293726
-121.0909812	80.92475224
-98.44394187	59.12572882
-91.4999414	55.44252323
-118.7205008	51.51001981
-141.2592849	57.71503893
-112.5436685	37.05030364
-105.242661	39.1218384
-135.5035065	80.81016851
-127.4827011	87.32334522
-133.1452597	-77.92904567
-148.6395055	-76.68270527
-173.2611825	-76.5606168
-176.8065187	-87.19875891
-179.8458289	-78.81309203
170.6495155	-81.3106226
159.5004856	-81.09591062
174.4111146	87.63391247
178.350424	72.64001849
150.0584574	73.2399527
139.7831182	79.87719822
137.7350385	67.8377206
131.0996126	66.44961789
124.0568319	88.35035615
105.8924872	-74.10398056
178.298168	-88.14217136
170.4359542	-85.30920855
159.1000004	-82.21125147
-177.6015628	-78.84085382
-169.662109	-88.59589656
-148.5311103	-84.66536574
-155.7679464	-76.6161572
-157.0632439	77.01069619
-176.3474813	65.2294402
178.8604577	67.18177664
171.4279929	-82.95623759
158.7804388	-81.83919088
144.3757131	-71.97403281
129.1714922	-71.4815482
109.341857	-71.75468013
95.57198434	-64.31263133
76.26769443	-59.2266555
51.34862551	-19.87554655
92.93690781	-18.85875468
32.58030823	-68.18253661
21.09216297	86.07565129
21.19072541	80.82521742
24.60906961	74.32935298
63.1284315	66.09153601
84.03434382	77.67243038
99.91740419	67.57903277
104.3036304	66.39759241
124.5286406	72.7674152
139.6245608	65.61574581
138.8649302	54.66368372
165.4649827	60.53861645
-175.9103036	68.1734806
-164.1604074	76.01268347
-148.2273047	71.46731201
-121.5239039	79.85644421
-105.0096434	-89.73692833
-76.1723469	-88.14172485
-54.62798948	-87.89908081
-42.20796619	85.43046132
-34.22469065	72.86198923
-33.42990657	61.99875414
-43.15369083	60.98692844
-58.34805387	58.31240239
-82.96236857	65.28962223
-81.84747926	74.08480513
-65.15802115	73.15736432
-87.50374699	73.74778848
-99.33036717	81.974696
-66.54098842	69.70328979
-92.50674029	-77.4201323
-99.05970921	-61.32644952
-118.106971	-82.64215498
-130.3384371	-89.7780544
-133.2982356	-87.87903292
-1.292252535	-84.89693905
-14.3602123	84.01120519
-17.62550634	72.46910533
-15.63020482	64.6377987
-45.72760064	69.19432691
-38.33905471	65.28383617
-9.22361607	66.42065571
-7.218080077	63.1533014
-62.82889988	77.98254145
-58.63279706	-87.14730383
-84.96952109	-85.02957534
-98.47595336	-75.40334182
-119.9640771	-78.94778068
-133.2107053	-87.17401543
-148.3753022	-84.9921323
-162.7850249	-79.83070905
-177.9115329	-86.59924172
177.6992382	-82.75444401
168.7549573	-80.79696498
-119.0858525	-25.2608644
-75.0134653	-22.43566994
-44.44590766	-22.35683742
7.552182877	-19.89174289
36.01688232	-21.05432829
73.73056684	-31.71644001
90.99139966	-26.41746867
121.0851	-28.05555182
146.4979489	-25.18582619
138.9250308	-6.140965395
-138.8938667	-15.42082432
88.95273344	-5.155723052
-119.3544442	-14.58735569
-168.7060956	-19.02288174
153.0120639	-80.51452801
158.4359648	-83.69040812
173.0146475	-84.2697862
-175.7867777	-86.07033168
-171.1841786	88.12298503
-179.7029918	64.10850827
162.82727	70.03659883
137.9701522	84.49592528
123.2283311	-89.73902426
112.2933487	-81.46845892
115.3925495	89.82851308
158.7848226	-84.42473447
175.6323546	-81.68239738
-155.951764	-78.30695289
-134.877417	-82.3523593
-115.3504789	-85.63145839
-112.3456195	-84.57649799
-93.40621397	-89.6988814
-90.76366143	79.78367358
-177.2563025	-83.37021427
166.9215628	-84.14146913
147.6113511	-81.27583998
-131.0577855	-78.39754984
-142.0981142	-81.57811068
-161.0461415	-77.0196668
-142.9172337	-78.35022426
176.5427909	-85.81477895
162.8676487	-81.28502943
-178.3413013	-80.48693191
173.5634573	-82.75882225
170.6158351	-82.31545355
159.3113055	-81.97331665
156.7976269	-77.32048343
141.4783594	-72.36253551
-171.4799522	-88.92956446
171.6435766	-85.28809525
169.1842651	-87.88028494
159.8852042	-81.83461543
-155.6854569	-78.36625628
-155.3956602	80.1848544
-176.3392402	69.80706929
179.4224134	66.41856519
141.7586108	70.20790577
134.2459433	58.82410181
99.23554283	65.07351947
113.6108466	-30.90489377
92.1711225	-20.23521092
53.30434294	-18.36367014
58.31955502	-8.915711215
33.98541089	-5.341721695
91.88615629	-23.93313202
100.6932724	-59.42972506
109.0459551	-78.8343069
80.44140358	-72.96545248
80.89249573	78.32812556
106.2669102	70.50147307
85.77773734	66.18549397
55.40136516	56.59455709
27.92174358	56.84911588
13.50833025	72.97336794
-11.61196639	65.52588538
-43.2827169	74.78932766
-58.74753357	87.76451177
-82.5764843	89.59825415
-41.04078856	-79.76641147
-41.19385903	-82.35040681
-44.09101912	79.1621535
-55.42370086	74.12812222
-82.9583959	71.94955649
-112.9226218	83.40155501
-118.3726267	-88.25350498
-128.932858	-89.31475197
-159.7591937	-84.80806771
-170.8559288	89.10908705
179.9658446	-85.4098674
168.0564088	-86.31601633
161.7039561	-85.09802045
-18.04952715	73.78236114
-47.02075155	-88.77991456
-59.68527137	-83.98931715
-46.02593714	-84.44188636
-40.16839868	-88.54404684
-38.88368427	81.41549339
-25.4968382	71.8873039
-25.54211039	69.34377807
-38.55230157	58.94687292
-24.12385578	68.14768927
-54.01116075	70.89640257
-55.31939906	80.91466972
-64.84756905	-86.32461723
-68.22632542	-80.7135228
-74.66843902	-70.13000924
-70.6088865	-71.57750579
-92.086674	-62.26653715
-96.35769264	-61.35078028
-95.62255962	-65.02973745
-113.5524615	-75.09864426
-114.5554687	-77.48737112
-129.020932	-80.44378339
-134.2151747	-86.57644586
-147.1901528	-79.86205099
-145.869405	-86.54917652
-171.7276431	-83.71839811
-133.7862452	-79.46661919
-119.8733929	-82.77832712
-152.2546939	-82.45691445
179.2539597	-80.46038051
176.447025	-83.47546885
170.1226552	-83.13181327
161.5871948	-81.95369755
157.8323821	-73.40607283
144.9378305	-70.0066739
143.775194	-77.23656288
144.7473026	-85.85838748
151.0659183	-87.58435268
157.9380954	-88.24473874
165.2482787	-80.73764527
173.4904625	-81.14039811
161.0905577	-76.38903863
140.4695426	-87.41259226
127.6944629	-88.4278738
159.3503929	85.99889018
174.4753253	86.92865232