-12.66236231	76.65525269
-1.209141432	83.71458959
6.530363888	88.92243747
21.43170059	-86.08712823
38.99377244	-87.8334652
8.782475581	-69.28842412
44.88902085	-85.72426726
36.74000551	-88.9692701
54.66287837	89.26403798
73.00331284	88.96850406
85.27374418	88.3986834
103.0890809	86.91612694
120.1838799	74.40485578
150.5407039	82.42140728
133.4619576	87.27521635
161.7976562	77.9119709
165.3494591	72.18711204
172.3757928	70.34966876
-177.4183499	86.8015127
-176.6425713	78.66650445
172.0566131	-87.94174369
-168.6720516	84.00935637
-143.9139593	76.36350625
-127.2015157	67.73289939
-78.85356203	73.57296223
-80.39737187	75.17117537
-65.7336266	75.27440033
-72.46552998	74.295943
-56.37358092	79.42877148
-70.44653461	85.60671624
-72.61214158	75.00298811
-144.9932584	81.31334812
-170.3325699	74.71052087
-172.9180725	66.9788525
105.7640704	83.94844946
95.97053382	89.63520544
86.61366801	-88.42054597
104.1938463	-84.84332835
96.84597192	-84.81065935
94.60266189	-83.23793296
86.24691806	-83.07224202
88.76657289	-83.74353842
81.72837232	-85.03095572
76.58828444	-85.52999711
69.74762915	-85.49982305
65.80885647	-85.54000047
-160.9162698	-46.77170293
-171.4288593	88.50942177
-149.6565022	82.3931071
-144.8655656	78.30112356
-151.3609482	77.24435263
-141.9832746	82.41336969
-124.1390708	74.14609401
-145.5840877	84.68270435
161.6386881	-72.79117871
158.346034	-81.039947
161.1956368	-88.80703781
147.4096159	83.04253114
116.7496375	82.8630318
122.553308	77.31036472
175.4623165	-87.67189891
-172.7276211	68.6623955
156.6680467	-89.28770269
144.1183179	-89.41237642
139.2354769	-88.84948019
161.9978991	80.61059791
170.9999674	77.63606165
121.8761599	-87.62708482
111.3917366	-85.5830645
81.44632216	83.22832463
75.8305776	83.13480946
57.64640244	82.91239762
45.50461125	87.15192769
104.13566	-76.42558814
104.445826	-77.77464346
122.5149062	82.48497789
85.37922913	-82.12470897
92.77189147	-80.75742901
102.5998815	-77.90251255
86.7971411	-80.07822167
3.212084442	82.09867917
2.847040315	78.43177447
11.49717193	-85.31320433
30.81678754	-81.77688012
43.30728745	-87.89675202
63.00574752	-87.503275
80.1288609	-89.18487948
86.41599654	-77.41196103
80.48715695	-67.0947873
98.69535924	-74.29030157
124.3677063	88.72560147
121.5680055	77.78982889
125.619011	89.44106812
121.1520984	78.94519751
127.3439459	-89.19962199
159.0840226	80.75432
175.0878531	87.47911699
-172.8469231	77.82737192
-170.0567627	65.14752329
-142.2610351	81.01251435
-143.7849151	81.75800877
-163.4021216	71.24036691
-160.4991818	67.62761526
-129.6977964	69.68168667
-107.7954541	74.03849566
-96.76359438	75.71365145
-70.14259425	68.52411959
-87.6395855	79.90966876
-118.58662	75.5544692
-160.6875334	80.51208004
-168.0073715	-88.55197142
-169.7120634	82.62104
154.9162292	-89.60504868
126.7079338	-86.8656822
104.3222833	-85.98667771
93.83237899	-82.06456763
83.5855698	-83.55422989
72.85193212	-84.91188334
178.8497515	-83.31097622
166.0559995	82.67717822
-148.7364872	78.60619038
-144.2353226	77.27302185
-151.4275809	72.59148462
-146.474807	69.88085128
-153.3036073	75.96042197
-132.244765	72.97497891
-108.3820458	73.46148503
-80.77174807	79.05532606
-74.02446715	78.6223561
-52.98700473	82.11259421
-48.33423093	82.38193296
-35.23755026	84.03286579
-77.58768427	83.01628424
-116.827649	88.33192478
-117.7996922	82.02122736
-120.2710708	78.02782144
-144.221408	-89.69209515
-150.3018296	86.03900936
177.8708519	73.46138189
162.4346037	-89.39335676
118.8948583	86.94598951
92.26963587	-88.82025621
73.49775612	-88.27006383
116.4427557	80.96972134
122.3903603	78.38662997
134.6104044	-82.60807185
116.1810044	-88.33258584
112.9291761	-78.88846885
122.7547647	-79.5830127
91.6847117	-81.55621807
93.86187219	-85.11104735
103.840004	-84.74766543
88.74741626	-85.9121109
121.1327303	82.0102156
99.26372657	-83.54557696
142.6836732	-84.92426049
165.6454358	85.37881034
-178.5214297	77.92828661
-166.2100423	73.26151312
-170.8634076	66.14462803
-157.9774741	65.0758387
-155.888305	86.78533566
-144.0186788	78.13037556
-133.7452387	65.93242853
-15.68317905	-84.50353685
-48.1682705	78.76595392
-12.10178559	-84.87230093
-51.06623928	-87.00098057
-74.57157512	82.3848825
-73.06189024	78.18326074
-50.310864	89.54464594
-47.3599259	-89.02040732
-72.4639353	87.25869922
-71.91787064	79.34102252
-98.03757376	82.0586875
-93.81008431	82.29935954
-101.2203955	79.65872683
-110.9867332	77.54655467
-88.05714435	82.50702511
-102.5884406	78.67643773
-112.1390576	76.7646038
-135.274332	73.41499568
-146.9257102	80.43517779
-157.8436745	61.99642937
-141.4491327	81.20851938
34.15599867	-88.86051721
51.86587022	-88.86591229
54.78344085	-64.54021413
101.9158856	-78.25444401
109.4590061	-80.0426315
118.9077529	-80.22700498
93.14013944	-80.20424874
93.23729216	-82.92743395
88.92312011	-84.02184396
96.72383274	-84.2825664
90.63363832	-83.16754672
124.3910279	78.85332157
136.9660953	-88.21113768
87.69421838	-82.78069001
74.43168839	-25.36548658
66.57387554	-18.76845981
75.7501032	-14.87874494
92.44761633	-18.20324762
88.37330269	-80.48789128
86.05423796	-84.16021041
100.295804	-88.34593288
72.0094728	-87.84166666
-177.1071846	-82.30577331
-172.4388766	-86.81584692
-173.0686969	80.94065583
-173.8583732	76.68382228
169.1262603	71.19293828
-149.8639839	87.70369072
-147.2117899	75.86820357
-146.1744524	73.80391191
-155.6189837	74.23021656
-153.022219	66.02787284
-167.3934233	72.54024867
-131.4874831	76.69339255
-163.9538261	79.60276401
-144.362363	83.09074281
-173.7141992	76.61560232
-176.9344201	75.97489471
-162.7708897	71.61055462
-142.3006075	82.38433736
167.9330204	88.71991705
-166.4548102	74.7211195
-170.5131685	67.2565047
165.4288467	74.88524092
143.9469218	87.14610933
136.8148265	88.8399513
125.9204502	87.78420355
135.6033272	-88.93731735
127.9564787	70.51003215
115.4338724	85.91980882
101.7013512	84.70634615
115.1330073	-84.7318715
97.78807942	-87.53847357
86.12062316	82.93917271
94.03403064	89.43990092
90.5414455	-72.04949731
84.58062056	84.38212766
119.6110955	-87.1779079
90.54225422	76.84943427
75.14194838	75.66384416
-5.255513534	88.94713331
-3.570914235	-86.01684668
-9.458224261	-85.06159661
-48.25646121	-85.87479192
-52.96994454	-88.35899518
-71.21302012	82.95428414
-71.98145581	79.47515619
-36.00423431	-86.05425761
-15.70090709	-82.96098404
-6.648342652	-82.4773912
2.377061579	-83.74092931
15.99119512	-83.58019314
30.35478286	-84.16799071
63.85391172	-83.57902145
78.2020551	-87.6629897
100.158746	-88.49381306
124.6445881	78.5252976
165.2415751	80.76978127
174.00161	76.6683685
-170.6590275	76.84088544
-170.2647767	86.99821621
179.0719652	-89.74896448
-175.0271956	88.70240882
-169.2986311	86.53573358
-168.1282708	77.41382083
-166.881703	70.47951126
-147.5248267	75.54182801
-140.1989969	79.94604231
-130.3919127	77.37220256
-144.7443891	81.34589029
168.1334412	88.57227254
150.1103529	-87.01327502
139.5897684	-84.59501455
129.4934049	-82.48245354
121.5711311	79.28141857
120.1357338	-82.12468786
108.7163695	-79.65989578
100.4034004	-78.0364664
92.14505172	-82.68758899
88.24171087	-84.67450686
95.42329899	-84.05137521
123.4590856	84.73271095
122.8279194	81.03590136
88.36997641	-85.21128707
74.32916028	-85.50013649
174.8981936	-77.06476897
178.8051173	-86.75673734
171.4630549	83.6626263
-143.1048755	81.63138481
-137.5910759	80.44264839
-151.9485517	75.78722647
-112.652145	78.40888388
-102.0441782	78.16522794
-83.73619292	87.03033899
-62.2377125	84.64971137
-42.27705584	-84.87439113
-18.22178025	-85.56371839
-13.56223607	88.25408766
3.120418759	85.96750208
24.38585236	-87.57139988
39.10468332	-71.6393873
34.35596197	-42.59079395
22.30280866	-35.88307177
28.20705127	-52.13300134
8.636425133	-32.27652838
27.84330797	-58.46293807
26.35470291	-76.83640714
27.17454982	-89.2125979
21.10528769	89.04144791
3.42201806	-86.41453907
-30.29161563	-78.0047384
-48.12710875	-82.23069136
-71.29828244	-89.17607547
-106.5206558	-87.62028755
-137.0980706	87.69650622
-162.3859784	83.61114316
106.6114722	-78.76627462
83.79985912	-76.29385589
68.95961353	-84.07523911
121.4427575	-74.96985326
106.7032345	-79.88506544
126.2823025	88.70722132
97.7691731	-79.43057565
92.36641856	-80.64862612
81.67325019	-80.78050747
90.88725123	-78.98519782
97.64457367	-80.90588758
89.74127089	-83.99493628
84.59654534	-86.54294668
98.71750557	-81.15949904
94.08826277	-83.87917157
101.2162403	-79.84919602
62.61673319	89.03282331
61.1579929	-81.86430727
50.65436079	-59.39436287
67.30336798	-85.54114218
80.25325905	-82.83193673
54.12319004	88.11779388
65.97244467	88.51499172
97.49125583	-85.28809019
73.47507049	-85.91615252
0.574721738	-83.309674
-29.90305134	-81.61243678
-40.09198781	-82.25309776
-49.21100465	-85.45151583
-75.72412211	80.19789951
-92.62919848	81.16512226
-102.712791	79.46471462
-112.2760136	77.07881279
-123.2943639	75.99589823
-133.3716783	74.63486308
-144.8962018	79.68754016
-170.7805239	80.76947001
-179.9766853	88.62446108
178.9990168	-86.76362174
171.2159505	-85.74030661
172.2715905	-87.99590395
166.6806802	-84.06853582
153.738836	-81.64330215
147.7460252	-81.6321541
140.9191659	-80.76013806
122.6398408	-80.93708389
112.4808728	-79.23844771
102.7874031	-81.19262826
93.22661044	-79.62406201
89.70979188	-76.02561605
117.4865279	-78.63857759
104.8990101	-76.85127839
92.71358618	-88.57499512
118.4470086	78.01334271
124.2370266	74.3002455
140.1348258	58.92849676
106.4133224	-28.47126788
96.24406836	-34.75139822
97.06788983	-84.36456819
93.9851773	-84.67968532
98.63742409	-84.21325705
98.67379387	-82.63979279
86.04734409	-82.47689325
62.56711502	-84.71119435
35.48671267	-82.90610399
20.0539969	-84.19779704
54.78472424	87.87152669
179.3259708	-81.82663531
-177.9024444	-84.16536255
170.1575384	79.79032201
-143.7302844	79.03727882
-140.203964	78.03552329
-143.6896534	76.80816177
-149.1299152	74.18842968
-154.6344681	69.92212968
-150.1552911	68.88492254
-160.6424594	74.85290546
-164.2456899	75.29133867
-171.6442657	79.93464157
-179.1128911	84.1123359
178.7685984	-89.99957981
173.2678744	-88.07086078
158.0055808	-87.15855022
121.6149616	89.08741656
119.3328028	86.64763711
117.9412722	81.30557411
161.0512493	80.48638269
172.5796779	76.96608261
139.8992657	89.17156553
134.0658815	-85.03733894
127.3687599	-82.2639649
116.4415524	-82.82958165
104.483883	-80.4680428
115.0747808	-82.00373074
106.1906179	-81.59380089
94.70274744	-82.58319344
89.9908946	-84.85633761
101.6031096	-86.36861043
92.38327942	-85.65201461
83.44382814	-83.7105185
93.77089252	-84.99768733
87.27465656	-85.38527368
78.15957948	-85.03755324
79.99293138	-85.35084032
55.84777884	-88.40163413
73.17608403	-86.09918446
56.50879597	-88.92586557
-1.831081997	-83.63299458
12.74105338	-87.15189688
45.56991473	-87.59525212
54.63921801	-88.96966741
56.63744038	-80.41605145
75.242368	-88.40216122
80.39425578	88.78758374
77.83032184	-77.85380013
66.62311836	-75.20690598
69.06080884	-89.19526418
47.56254446	-88.63396238
37.48422552	-85.61592921
29.07112638	-87.71850183
-55.90410483	-87.48470626
-67.10836117	-88.01707074
-71.59256176	78.98803854
-95.66571349	82.19396278
-101.9900202	79.65270899
-112.8032849	76.2337548
-93.20793925	80.01760916
-87.64209715	81.76569861
-129.7028377	74.26383931
-136.0272551	71.82276643
-145.7255609	81.02438849
-127.0734296	70.43296597
-129.6464575	68.87085586
-105.8259523	76.91983952
-66.03637484	77.88757312
-169.285888	67.31538045
-160.031676	66.317001
-169.7630777	65.79085
113.8189106	-83.892839
103.7199577	-83.82747524
106.9822381	-84.6194462
113.7195974	-84.72265732
98.97698205	-84.16135617
92.19524606	-83.14034372
94.96089225	-86.37869348
100.0827729	-86.0102567
91.1850853	-86.19409778
97.655091	-83.61222499
88.82914912	-84.11488115
91.01631632	-83.85936853
83.55864923	-86.27834282
86.97267549	-85.01064421
72.28253535	-85.87411766
175.6800447	88.66460255
-179.7782191	84.58164014
163.8521411	79.4776485
-142.8855666	76.67848609
-142.1304873	81.28644062
-149.8170103	74.40770843
-150.4909167	69.27722186
-142.9748285	81.64686959
-155.7709515	74.63551699
161.2999249	-85.84005797
143.6536416	-78.79053351
124.8709213	86.45692297
114.5725845	83.21690569
119.5153803	76.37676797
148.7658727	88.82726751
-160.4700538	82.13051688
-135.5164646	81.89110998
-124.1867975	74.18158614
-90.45186916	79.14601367
-62.58965911	85.64452598
-39.57949601	89.72463046
-10.29648366	-89.94581731
13.07441044	89.87054176
35.17923612	87.06230959
28.35504084	69.03833391
-4.092968516	35.29270189
-21.41465051	20.38114227
-33.79192564	-77.07160329
-57.8503856	-51.09632226
-65.42703367	-38.53480049
-80.30606579	-30.62426501
-118.1578747	-29.65735176
-156.13723	-38.24204356
-166.4197782	84.0764463
-150.1006505	76.33886428
-162.2289182	65.41489839
153.1562818	86.62776255
132.0457883	-80.86310349
109.5365872	-84.1511248
94.73226057	-85.11334252
89.24957691	-84.56584352
68.40833357	-89.22313611
93.99573802	-83.94624158
91.96825928	-82.85653191
72.55328394	-89.82512371
85.47050965	-84.18005767
54.84007596	-88.9412694
42.01216628	-89.76180713
8.692620088	-89.67258972
126.3491223	73.55749876
119.5165807	76.94996562
119.5025063	84.20680414
121.9701252	-88.51082549
112.9476183	-87.49711322
76.24966562	-82.61676882
50.26049921	88.28872979
35.52747828	-88.93254798
122.6278288	85.62666765
122.5114181	77.76442709
162.080956	80.61831792
-171.4382335	76.52013897
-172.0213303	85.34994024
179.5287446	-88.14323439
-172.639349	-86.16963594
-136.0020167	84.14056549
-142.6041558	81.30863662
-129.1595496	69.32536059
-101.9919619	72.31352271
-70.32327566	72.13555124
141.2019877	-81.34163448
131.3664674	-82.0892381
126.1921839	-81.84726899
129.3968005	-82.59692551
112.5927517	-81.16640894
97.6231676	-80.13058091
98.23283892	-84.33905985
124.3482302	87.50605119
124.4875502	81.08436244
122.1807339	88.67716599
89.68130243	-84.84561745
71.20276243	-86.19627889
-2.840811897	30.14392362
14.58463827	23.90656706
25.01132152	18.44681729
22.3773723	27.38030427
0.885917518	41.15069787
13.58347445	37.24045105
27.25564442	34.46316725
52.29808502	43.90897108
54.70493885	49.49088624
59.27411941	49.37553192
69.21879974	32.75792492
-64.80555411	2.298256555
46.04119437	9.246862583
-3.339077246	16.41768462
168.8702808	1.742900086
-137.2808183	12.03068696
-40.81266233	15.23270261
-71.21407453	4.819240708
25.39758748	6.627748575
69.67510263	6.097620701
35.21935836	19.68612908
61.8056512	13.48807507
78.77208502	13.28595213
63.53533176	31.03855803
82.86067711	30.53390043
93.78218926	30.43219884
125.925108	39.81812077
146.6504763	46.50263669
135.1554113	74.01749698
141.7926425	-89.960593
147.6205628	-84.25178587
156.1874433	-89.301349
160.9128925	76.49120331
173.1517029	77.55061349
102.7097801	-82.67740538
90.94120015	-81.78454682
91.05656016	-84.25513335
117.4086601	-89.62502065
77.06146383	-86.47583972
67.76868509	-85.38012548
60.74517771	88.4046416
176.9287365	-85.47237176
164.5020644	87.01663282
158.0588795	81.54811535
111.3306545	84.63568565
115.3480536	79.73423569
122.2875057	84.23140934
123.7398969	89.62363892
90.08260634	-85.88092893
53.52422133	88.9109948
44.25817024	89.51977312
61.21173196	-88.96295488
79.45445747	-88.980933
129.2859699	84.42563939
123.0982521	77.83378349
169.8999159	75.45582719
176.0103406	74.04160793
-169.5497039	70.44988943
-168.1815651	68.9803097
-170.8424968	85.35261595
-174.6619069	-89.65154094
-142.2407974	81.53072317
171.496542	89.95860343
160.169703	89.0436092
161.3430824	-86.34090615
150.6461074	-87.52853051
157.872965	86.50969974
157.7851358	82.89335962
173.3340903	80.45491988
170.0038452	79.38622066
156.325471	81.52257182
137.410708	-86.6166494
129.1363289	-84.61664527
131.9225499	-83.57569635
116.1329144	-84.59249322
127.1569587	-82.82022278
102.3007937	-82.52653601
92.8836004	-80.92341665
94.39909285	-84.26132832
103.2853809	-84.96583611
95.39069279	-86.90424648
100.4606715	-85.5111891
79.0345444	89.68804986
-3.07477114	-89.54925375
3.586147505	-80.480721
-24.53227374	-87.10742995
-49.79260167	-88.49658306
-53.94790701	89.99283886
-70.20156954	81.79154474
-74.06957559	77.1596518
-90.02062291	80.31780848
-104.2491242	78.57337716
-113.5878965	76.79471134
-134.6907135	74.31191755
-147.1290597	78.09415263
-148.9379196	79.26299485
-159.1511057	70.92376122
-162.4664481	70.91143475
140.7903011	78.22910034
161.7974078	78.13101168
177.9165097	70.31224373
-174.3991146	79.24308229
-173.2577071	89.38920294
175.2595909	-86.81412871
-175.2376597	-86.92296759
174.3137032	78.99064211
159.5984666	-85.9933177
145.0084286	-85.34147448
124.8102599	-81.36247486
122.4234176	87.32556997
103.8485997	-81.00079823
95.05639931	-80.03954919
92.50076801	-83.59492443
79.35149457	-84.829851
68.69995376	-85.72920099
-177.5017197	-85.39848005
-176.5485549	-88.95063619
173.7894913	82.74258326
165.4175335	78.9230382
-151.3551583	76.18891692
-141.2132333	76.8136206
-156.4323965	76.06569132
-171.4071449	78.89582551
-177.2598065	-84.44789372
-174.6599117	-89.04263314
175.1844656	-89.13050586
164.2517564	-87.41579745
171.4418103	-89.13412145
153.179057	-85.72015228
126.9738388	-84.40894866
116.4473599	-89.55334483
117.0302262	87.01257017
105.1291398	-83.33286596
93.45691401	-84.75781413
118.2048865	-82.59376096
100.9474483	-80.07713275
85.99723216	-83.78146758
69.50202419	-83.59005727
60.76092318	-85.0247716
94.17848702	-83.22921896
100.3417572	-84.67711974
109.741904	-87.89342601
118.7874466	82.44598618
91.77820763	-86.88172484
45.40732199	-85.63156312
22.88180505	-83.80410796
15.48977859	-84.92784693
6.076289604	-84.26067008
54.28022988	-88.47068199
69.44953883	-85.31564067
-178.9484761	-85.55049512
-179.9229125	88.91506299
170.4903142	78.90049671
-150.9417784	78.4353154
-147.3829556	78.07792333
-152.3806545	77.10463955
-154.0863067	86.02024667
-158.4161645	83.90009229
-169.5170121	89.94044799
-176.2639323	-87.52145514
164.1564413	-79.85198316
149.0867688	-78.81097325
145.3828045	-77.4162997
164.1807326	-84.37648529
178.8201612	-87.06437383
-178.2292722	-87.89904049
169.3838812	-87.24912195
157.9415846	-86.05259431
161.9785969	-84.17475401
143.7957474	-82.09672923
130.2128355	-75.0996778
124.1547485	-77.66313094
109.688651	-79.17266938
122.0148449	85.68270711
126.5125712	-82.53430583
120.7766416	-80.74939293
113.2225899	-78.74916791
105.1399256	-78.86907718
98.85161723	-78.48339051
98.29722953	-83.96725906
92.52925088	-84.72749248
100.0864795	-84.51183862
119.1473856	83.02257237
120.067756	86.72789932
97.21500592	-84.46215821
84.99329898	-78.39519149
109.7852925	83.9769207
-174.6645965	72.75337088
170.3546732	76.05911077
-143.5538498	78.25627572
-145.5470871	71.60681365
-152.4547991	73.57027378
-149.1592975	66.09734799
-146.0575858	81.45995331
-156.5901517	87.2758469
-171.4470162	81.4635507
-178.0227856	88.62215002
167.9518704	-88.68868552
145.7607883	85.42417526
123.6236662	87.58584601
118.9976014	77.18014929
161.3961743	82.97625404
157.941066	-85.9925822
148.7087693	-86.52614808
139.9583085	-85.44612335
134.4769824	-84.14416113
125.4152704	-82.63106583
111.9910698	-81.83988169
116.7700963	-82.02134501
122.5531948	-80.25770237
118.8767077	-83.52730305
101.4821709	-81.27553473
92.88855358	-80.55850763
77.03259185	-87.48264135
90.88233987	-82.92651213
95.26664582	-87.20090897
90.65718263	-84.70016895
79.23659262	-85.28511779
87.66705092	89.37605401
24.18460246	-69.84408505
-2.623004705	-86.19438961
11.24032782	-74.54579473
9.398795911	-68.76221722
14.37065961	-74.18977192
19.65353482	-82.58419961
34.91603133	-85.47929294
50.58662028	-80.10166107
56.03466992	-73.03561482
58.68522009	-69.80460621
65.05418506	-69.65994737
60.80746567	-56.43419619
64.69234495	-89.18403546
24.73060679	-85.02791192
-72.79762561	-85.26011531
-76.8810158	81.22629201
-74.92205943	77.47784255
-102.8452167	81.18094812
-111.6333881	79.52488074
-129.7674755	79.07410783
-135.720247	71.69947807
-146.1550289	74.38836933
-147.8795659	77.94393891
74.68228788	-89.92892001
91.61053615	88.36418016
122.1810319	87.21810149
129.6669964	84.47951791
120.4991693	79.98570565
168.0092975	-89.73467537
158.8865413	-86.54304018
172.5045715	-88.34303404
145.9132998	-84.9293089
137.94067	-83.13708102
143.7250842	-78.41858841
155.7791369	-82.98148389
130.5496639	-81.11072569
108.700624	-79.97397232
125.4032445	-83.9102345
128.4154587	-81.554475
96.95935796	-83.63709072
89.80761582	-82.42291314
103.2079663	-81.49947827
74.36797446	-82.75009564
67.39726838	-82.06933522
92.33437657	-80.28399467
96.50666084	-83.39888899
120.9861337	-88.70445757
101.9772312	-85.28014858
93.63151967	-82.78995646
82.40087856	-78.59326727
93.42971888	-83.9885883
81.28051034	-84.07580467
93.00085192	-85.48053398
97.26150911	84.96359316
92.61140867	-83.77563507
84.97947134	-84.18210701
75.03510532	-85.48788138
71.36058656	-84.34484316
-21.12625646	75.61706853
-1.618128947	-86.31690935
-31.73408824	-86.78955722
-57.23164258	-85.88677161
-72.30602347	87.29317761
-73.00053511	82.42690759
-91.89176089	87.72851824
-99.22735715	87.26326397
-102.9835639	85.18574795
-86.21273081	73.43160342
-103.204296	79.49077089
-63.09888114	53.43226622
-25.05554422	53.56976765
6.414756864	79.22558796
16.1171096	78.4106589
18.9307348	79.10579668
25.2000483	74.19464185
-47.04883898	-82.72183257
-47.57786999	-89.71977971
-93.69638225	83.92369543
-108.4673435	82.0347923
-118.140143	79.9152474
-138.5405912	75.98192846
-148.735124	77.25030056
-164.3939343	76.99677291
-169.5757738	73.97671237
-175.4661663	81.08221934
-179.9598556	82.59873694
169.2679254	83.97067735
166.930883	76.18468143
162.9678802	85.99726564
-162.0140145	81.59904016
-140.1001431	80.17101944
-89.77121111	79.19885444
-75.69693616	81.03866709
-57.99920825	83.96366796
-23.646881	85.68817977
10.25769125	87.07755619
40.62874382	85.88351211
56.45398884	87.14920897
78.74524335	85.7822786
110.5343062	-88.94071658
117.5203085	89.64323024
131.9704544	-86.0559772
115.2356516	-85.29309761
101.8234222	-82.34497301
111.6555095	87.71300714
126.9121314	85.87356717
165.3261847	79.28687275
171.4949924	76.51117147
-154.4186297	69.54590747
-151.1120411	69.7115988
-159.5596707	61.90363695
-150.9270097	68.61261682
-130.0826293	66.22565111
-119.6941278	67.34283876
160.6595115	80.26165818
137.8568144	88.42839924
114.4417343	88.76131644
99.92355478	-87.42443655
96.91302142	-83.33217379
157.5487153	78.56770265
161.6208548	77.72726784
173.2429893	73.74396559
158.9454886	79.40515853
-165.6861789	71.78836284
165.184718	78.21385087
168.7903809	88.08726656
165.0815927	76.73257973
121.5125439	86.16147995
-178.7367021	-86.06582366
178.6458756	-89.19233216
163.7007722	80.48618863
-141.9550671	78.353423
-143.8016679	80.83228945
-150.3077654	75.025756
-153.2666106	68.06679705
-143.5699683	79.12074192
-153.3367216	75.54619767
-160.978641	73.32820218
-162.782846	66.59617033
-161.2581391	74.73324807
-170.4114868	75.61999871
-178.9940807	88.34369327
-174.2958678	88.17521584
172.3354412	-88.64371505
176.5505536	88.9595618
165.3646882	-87.0929751
117.2063674	-88.19951708
120.4026714	78.5878966
100.2261566	-88.35997793
155.9451834	-87.64978963
140.2557073	-88.72404308
142.7503396	-84.05832533
99.62089567	85.62694929
74.12680887	89.4314417
64.03548172	86.17788846
103.0834835	-77.84812534
116.0173571	-80.97517283
117.6421528	-89.0678045
90.423959	86.66610403
50.48960567	88.41858436
34.4400391	-86.9599706
49.62479221	-68.32478075
66.73385094	-85.05534102
87.39281353	-84.19235708
94.97992763	-84.99969947
90.32875614	-86.24078172
100.0455382	-85.88153231
92.27060285	-85.58145749
92.84905654	-84.19867233
63.39162841	89.57254163
116.2885428	83.40997193
72.30089884	-85.89505347
67.81691604	-85.53509738
-11.57958584	78.72989742
-6.912931563	80.92849542
1.257486612	85.50463035
2.795083947	-87.83831994
12.55063177	-87.56632134
0.12512481	-83.7932015
-14.98461093	-85.32629087
-30.22685516	-88.9913151
-15.14599583	-87.23715858
-27.08481427	-88.22113875
-7.74188782	-88.54023105
-27.73545241	-89.39407444
-44.37150076	-89.9359102
-54.16593835	88.18130136
-76.37904348	80.56602497
-76.42264803	75.56025015
-43.85336357	88.62695379
-39.97672138	-86.36258184
-48.66063375	-89.01478378
-43.61003962	-85.08217151
-37.65435275	-81.0316247
-46.20717655	-86.16717297
-73.82005585	80.72801683
-70.9562414	77.02655484
-101.4042015	75.5020349
-112.025798	72.63757547
-125.3800207	72.63805654
-134.0102173	68.54755038
-147.4755746	74.82987174
-149.6102773	74.29265993
-163.1926347	62.68807441
-161.0560494	58.74384574
-153.2386448	69.89978744
-147.1764001	77.85537906
-163.2491571	65.88832383
-170.9662301	64.25142898
165.7328346	74.45606319
178.3003955	83.11750286
-170.3695692	83.96136352
165.3133978	75.48693812
152.516264	77.11421454
143.2563759	81.15118028
135.7787904	83.73057568
125.0254324	82.81478968
119.405125	78.36996523
141.2192438	-87.1383609
160.270193	-86.31784982
-179.1792034	-89.98205686
-166.0030409	87.37595315
-161.2784559	75.83305178
-163.4319687	64.91765095
-149.9920973	64.55785288
-119.9441806	70.26651369
-81.40190077	78.5369393
-66.19949121	78.07739517
-39.19778012	-88.94261267
-25.20256352	-86.90069786
171.137262	74.89694551
169.1802763	78.41055662
173.4754342	86.3979391
170.8402862	78.35116352
-175.1752902	86.82952049
-179.3003485	77.92867083
-161.6000198	75.08360134
-140.0825386	78.81675039
-145.3405107	79.79141463
-143.2937018	80.65272205
-179.3932961	88.45650497
170.809588	-89.86117723
168.6995648	80.46042012
169.546398	-89.94305669
157.7418005	-89.47277542
128.0928962	89.0392879
119.7168226	-89.92891314
101.4348498	89.51594266
94.24545185	-83.54105477
128.7224939	-72.65500806
100.7369729	-81.94942548
75.32114966	89.6896314
61.28222356	-89.86086471
30.11578237	-86.04337439
1.255250724	88.76241422
-8.463585579	-89.6902433
50.28774412	-73.57063188
53.10948996	-70.67278775
85.2584482	86.91210553
111.8771703	-87.71095199
119.7057875	-86.69766835
122.3120288	79.60201573
105.1786064	-82.68884965
104.0828055	88.42528181
94.1508771	-84.23765562
98.10345726	-85.25455376
90.41136266	-86.8722319
123.9528723	78.92616816
170.6580499	80.63707368
179.5379778	75.57042108
-151.9001402	73.45220186
-133.8711637	75.55016955
-119.6360693	71.9740841
-122.1323659	66.15119576
-160.5032673	82.23929382
162.0465685	82.79537933
142.9623065	87.12847625
0.030465714	88.92911217
0.355101978	-85.79861051
27.46421269	-82.3742074
51.17734073	-87.54055424
65.12193569	-89.33525759
82.39654795	88.45581251
108.1416363	86.93920136
122.7550824	85.81448297
127.0190201	84.89241143
120.9682652	78.85687927
162.313113	78.59622475
161.7115411	79.41417665
-171.0876312	79.01698348
-171.4172721	76.61245901
-173.5964386	-88.87448894
-178.7456832	-88.28750059
-144.4230863	87.64183261
-143.4193596	82.22892897
-171.7112536	75.01729638
-179.0844724	70.1230157
-162.7662873	64.57301865
141.6847752	-83.18963057
129.8523057	-80.13046389
112.0744692	-80.41982929
105.0206947	-79.99412883
92.87708873	-80.9119541
101.5848017	-84.41859045
93.82264348	-82.56802703
75.12598187	-83.13155775
176.2653409	-88.92918007
165.8840949	79.96652512
-147.1522079	79.82682343
-146.7229058	76.08575548
-127.4718995	74.68293818
-140.9855196	81.68990296
-157.9217717	71.20316329
-153.3308391	69.00983878
-166.434134	79.78606803
-168.6245251	82.98288017
169.6484561	80.66835875
166.4307541	81.60568362
-170.9811629	-84.56757492
114.9802226	82.10378832
118.6733849	79.98073725
123.0635673	89.59047579
174.1273773	-84.1902766
-179.8058339	-84.63536587
160.6259472	-85.43674284
157.7919153	-83.58522937
105.4776084	-85.00008471
91.25829061	-84.82823635
76.92387578	-89.44345117
108.0850482	-89.59406398
115.559609	89.21026924
141.3255966	-84.02764664
145.2898411	-82.37247642
131.4324908	-82.02097909
124.4157208	79.8508158
118.0558692	-82.56571621
121.2150232	-69.33832753
108.2115141	-54.39344379
100.7696079	-80.15623454
103.2237312	-79.87783663
93.38043457	-82.26455557
95.64425842	-83.58031927
105.2807707	-82.49797696
93.68635428	-84.50628999
77.09490619	-86.88462002
115.2523085	88.84970537
-3.856201062	-82.9489016
5.435670565	-68.43279804
17.42853324	-81.71820573
41.87246822	-81.79623705
54.26662265	-71.8260016
64.56025752	-74.06222014
73.73646538	-83.47691193
68.93984573	-68.13401026
51.9861319	-27.06637997
51.03810308	-13.36619956
-68.07160168	-34.88604162
-93.01742897	-62.48632041
-67.51727705	-81.62241585
-69.58188151	83.18935373
-106.2802192	77.00549414
-137.6353482	72.13234514
-145.7453578	83.48990207
-178.415407	-89.77491873
172.2868227	89.4875965
145.0077414	85.67899041
172.8524104	-87.39677723
124.1208007	-87.59858522
161.1136807	-87.51942796
173.7470577	-86.62674469
152.3997926	-86.91870474
139.0859374	-87.50860644
115.9910305	-86.6400877
147.0707288	-82.98593564
113.7626254	-82.52385039
103.2015573	-83.07946797
134.5112369	-80.12437493
143.937541	-83.18462798
122.3274933	-83.16881819
120.3767536	83.63110653
123.0995262	80.96873916
111.7661404	-81.69156575
94.1673634	-84.01949362
74.69836513	-86.45563396
67.02061833	-82.52276627
96.71014284	-76.01314757
96.46596529	-82.64481506
106.7877146	-82.50369841
97.4628706	-82.03940987
141.8153254	-28.47953046
122.8133975	-13.01622221
92.6220285	87.86022856
74.69916096	-85.05971902
-179.8657972	-85.79985366
169.8863915	81.29199916
165.4498788	80.30704637
-148.2082498	83.58863744
-141.7157706	82.72467186
-129.7119168	76.25266679
-143.5362789	79.69251226
-149.7452477	74.81024132
-155.9795977	68.40420234
-160.2274972	74.05309748
-160.3511043	72.23593846
-164.9127927	72.83206297
-139.8408173	78.68544694
-127.9210802	73.95026149
-170.6848568	78.99962905
-179.8607378	-87.20597652
161.6366855	-86.56599451
136.9129184	-87.72207452
143.9438549	-82.72344526
132.5618675	-82.29728219
103.6477847	-83.41912573
101.2246303	-83.56523945
119.4299034	-80.08962725
128.8335446	-81.0585786
160.7609539	-76.94807795
-164.8574537	84.64596288
-160.7562026	72.33145875
-161.3109072	69.49298442
-149.9388856	73.37268497
97.53641137	-86.03430677
83.27713508	-83.14439811
97.6996039	-85.17491464
118.0929427	89.84053488
103.7757916	-89.46980461
97.98087665	85.58542026
88.60012833	-84.22696059
85.47139507	-68.62897669
85.33188947	-84.31940645
45.21001009	-89.79478554
13.34673179	-84.75459575
66.03798156	-85.31306955
-2.378897716	-82.31593229
22.09798173	-85.21886843
48.33163852	-85.80662478
65.53300549	-84.67161178
83.57123378	-83.80783696
89.83379209	-64.31079367
89.79353216	-69.78812992
81.62072961	-72.73645888
74.94597062	-71.54960745
67.10261557	-61.55484459
52.31877579	-37.70895127
-51.88092891	-79.67767916
-63.51086224	-84.04890842
-74.06536098	89.81953963
-75.06600937	80.97836849
-102.4308142	82.06485493
-112.8525987	78.09055706
-131.516376	73.10056102
-145.6382699	82.09612454
-178.7480798	86.18059797
171.118026	89.07488941
167.0400198	-87.68717867
165.9582652	-85.89697577
156.8938467	-86.65541653
125.5984664	-81.97572448
118.0594001	-78.40274697
119.5027384	-83.48104891
143.7423114	-81.02760987
153.1566462	-82.07089547
58.66372655	-74.19907794
87.60569368	-80.50961251
99.71627757	-79.42306052
113.2670167	-77.89145938
117.9197072	-77.34289547
100.6420958	-78.74440073
94.86580935	-79.19981816
79.5487281	-77.63334085
93.52120676	-79.98206777
93.15206145	-84.53779915
89.87625309	-53.01858583
93.05592962	-83.77860135
75.89001092	-78.59123825
94.42327314	-80.85400173
99.44134923	-63.92100562
85.12089899	-82.3290865
75.33335691	-85.47848184
-178.8381424	-84.4724239
178.3554108	87.99986932
170.6603865	80.93275392
166.8965117	77.52626806
-142.3253847	76.09005279
-153.0857336	74.95458427
-151.6433798	66.61475499
-128.66393	66.54242615
-151.9277239	75.8668171
-165.1714448	75.41274286
-174.4176966	79.25245473
178.7660461	86.46146718
-178.155874	-85.43998423
-176.5536964	89.9770681
17.11013592	88.48603244
164.6034192	-88.77493008
170.8491362	-87.18700939
-47.84842252	83.25551754
-37.00596661	87.74364921
158.0115672	-87.59634133
143.6625186	-85.59263939
128.9026315	-81.7280933
128.2632511	-84.03214136
110.4379641	-80.47165265
114.4894927	-82.19788065
95.533128	-81.88520626
103.9466104	-85.60136931
95.27772655	-83.13395699
82.80689399	-79.49143892
76.15395562	-88.6316259
45.08038224	88.70853762
27.13812833	87.07569999
73.50549539	-83.622297
0.490597695	-85.2475612
9.655349316	-86.39893221
21.39493874	-87.58273477
40.69771272	-87.27420871
49.83802376	89.74649127
58.62646199	-83.69548326
68.52437045	-87.029535
74.67023243	-72.88270566
75.1654018	-45.80398031
72.61338359	-31.13662078
93.9588245	-81.05008329
95.67347921	-87.31791404
114.5977355	-88.79028617
125.8178151	86.53570299
124.100925	77.27551447
128.5762842	88.95110714
152.5082462	86.72442535
162.9588753	81.97714127
175.3163098	89.31391258
156.5084187	-88.44513381
141.4148107	-89.06092031
142.5686835	-86.01326724
113.1886061	-80.5602734
132.3657302	-83.10122899
103.6189064	-81.5018157
120.2120188	-82.27259666
104.1737549	-82.44024974
99.71694172	-81.09082849
93.63353285	-83.343935
94.00798295	-83.44915087
99.04126371	-84.16781241
115.1418802	-88.56800514
121.4766116	83.97826428
85.1444177	-85.52859643
95.29977701	-86.63603819
126.7531676	-86.98777239
153.928743	87.28082766
171.5952933	80.79859937
-160.3271168	73.75521126
-155.3486105	65.13328027
-152.0044934	65.63181217
163.9782141	-69.12067694
173.1278962	-86.68608758
168.5588863	83.1381207
-143.0914958	77.65961595
-144.3319362	79.13496392
-149.002924	74.92398138
-154.722262	75.4278762
-152.4178474	68.2081931
-146.4393939	81.18169275
-143.141548	79.28887293
-142.6889288	75.90206375
-130.9324387	67.89789317
-164.1389575	75.94990249
-171.1399325	68.98308582
-173.7310729	77.65515805
-179.8627784	81.78467677
167.7510811	80.93557961
-179.6525929	86.66504841
178.0430089	-88.74118586
132.3496086	-84.78357922
118.5849464	-86.63282496
100.5271097	-82.11620734
98.06617582	-87.49452928
105.5649165	-81.54091559
119.7065929	81.30123911
120.4390009	77.72523488
162.5200698	-89.17055935
148.3924951	-86.27391646
146.8207646	-81.30852799
128.3338472	-72.02745726
135.1859657	-82.3218015
125.1513992	-82.17918503
96.54013878	-84.70262077
72.80361358	-86.22044269
61.86695938	-84.455451
62.20492066	-87.35509317
97.41338793	-82.23586662
81.61174711	-80.82271233
93.16655224	-86.70049082
50.95373107	-78.29936119
43.674278	-86.96314911
22.82810145	-86.15920735
7.164200371	-77.1752791
17.95427593	-62.88101979
23.37964646	-56.35357272
69.4422087	-82.91533756
78.3662345	-81.03520671
0.446680985	-84.31163438
45.15765429	87.97948015
77.98339298	84.90451554
95.45127579	85.79849292
112.5485065	85.44874992
126.3457682	80.34713376
125.3494705	75.61887701
128.033969	83.49504541
165.445195	75.14288322
173.0063774	72.38598537
162.7543638	77.52697552
-162.9502765	69.69086686
-141.681502	77.86693347
-173.6902123	88.45130181
-178.3784988	-89.91011895
169.0499695	-87.71555538
166.4171721	-88.34810683
158.3208982	-87.76034643
151.0260365	-86.29148136
135.6029903	-87.77815499
150.0063064	-87.51256215
141.4544017	-84.93292033
126.9877476	-82.09977117
123.7861996	86.77689241
121.745487	79.24544366
118.2006606	-83.75036317
104.8093504	-81.9680256
116.7983882	-79.37489419
95.60624767	-79.36846152
83.23659688	-80.99595924
91.66211136	-82.29939828
80.54727906	-82.07440944
93.42205836	-83.32350186
90.51302442	-81.15629181
74.7287874	-81.09561481
87.21096763	-82.99261563
75.76105386	-86.78895145
65.88834903	89.75265653
59.70833252	89.37441077
72.8161629	-84.71505156
60.77321913	-82.42983783
65.14847366	-86.36005014
-179.8873046	-85.22499694
-175.0324151	-89.37901308
-142.0510233	84.21244858
-139.3470976	83.07950368
-150.4218936	76.02266188
-156.0177963	75.98515362
-172.3611711	77.81807735
175.807807	-88.26632339
144.6932716	89.50075802
156.0401433	-86.57276321
133.1767339	-85.36772204
111.8794639	-80.14586861
104.0051332	-80.07118921
97.02621656	-83.27494118
88.36366578	-81.34299102
87.90373169	-82.62815739
88.35415428	-85.66158592
93.42806997	-85.43000313
79.29719286	-85.21337951
67.62602926	-87.42786704
-7.735433813	-86.1574795
-2.47605599	-84.03748991
31.15561004	-88.39126342
35.91192716	-85.56860362
23.32685137	-76.13836409
7.001166331	-65.03639497
20.49598493	-78.13561159
19.55313586	-71.2994866
-17.82303519	-76.44967191
-56.83040948	-79.71051795
-71.88432915	-84.82028909
-78.30360883	86.75049301
-74.5616701	81.33749922
-105.3420978	83.0283653
-114.6553929	78.56016079
-136.6563471	74.59125204
-148.4571557	80.72037471
179.2394505	89.56674535
173.8345576	-89.27718877
167.357727	-87.83571245
128.0739871	87.74047612
128.3942864	85.42590985
151.2813595	-86.34370694
140.5363453	-84.15613745
125.9503115	84.12485013
124.31992	77.75593633
164.4338515	85.4879722
178.4571514	83.11168434
-156.4268864	75.35359142
-159.3171953	67.47241406
-155.8676828	66.82934402
-141.334168	79.80516953
113.402235	-89.78338812
99.3074151	-80.85474495
62.24768195	-71.81905319
135.9743047	-20.88901208
142.8579829	-13.39634453
101.9366264	-82.70779786
98.14654627	-88.82160994
88.98048971	-88.85758018
99.78242009	-85.50720323
89.55342965	-83.97492839
76.7535215	88.92652508
101.3518762	-88.47035394
112.4604074	84.69645772
75.04236139	-87.56847367
174.8113611	89.93171019
169.9756797	79.75560279
-147.7765635	82.70839538
-145.7092449	76.2964268
-137.6993499	77.42260417
-156.9980085	75.23799316
172.8615802	78.45950111
165.2646379	77.62485105
-175.3121304	77.33099375
112.062694	82.00093348
85.42798583	85.80243682
20.36083611	88.02899907
15.30294168	89.20965883
175.2417219	89.91117731
178.5426112	-88.45087082
166.7397709	-87.63949542
157.9643997	-87.01507175
145.8248614	-83.14654305
126.8921235	-79.60128121
143.8415426	-84.35964773
132.8232131	-84.07744585
122.193091	-73.34087633
126.7471124	-81.23997407
121.1645204	-80.36330069
114.2659456	-80.5729556
108.1750604	-81.84210067
101.9030345	-80.21770602
102.7491613	-80.05830395
113.3393245	-78.87682374
98.99916648	-80.94196322
89.72037411	-82.4091679
97.3894545	-83.28137091
104.761778	-83.20812442
93.99238836	-85.15513361
-128.7485675	71.65078438
-59.95784284	83.56790367
-28.67999266	-85.91613628
-50.77551376	89.91474875
-77.46629762	77.68238777
0.23372847	-84.96421664
8.828814867	-75.29289444
6.480255603	-83.51410193
-10.61482602	-84.26021571
-32.04830565	-84.58703112
-46.02974826	-85.52318751
-53.94446044	-88.39938633
-73.6597846	78.07587262
-64.45370339	88.60053342
-43.47647465	-87.32301805
-31.56570587	-83.78656841
-21.72760742	-77.94663244
-6.124232046	-82.51791304
4.727222467	-84.83995494
9.890702237	-81.36114357
25.54566128	-80.78217985
16.53956028	-76.53440996
21.73045985	-69.20677418
29.70207883	-68.96946864
27.66537001	-74.25762076
16.41832312	-75.68282969
10.59675638	-71.74674156
18.23897813	-79.81893286
22.97768881	-84.40385617
19.70311184	-79.79138251
37.0046779	-83.46294129
53.58572252	-85.07631882
66.49803501	-86.43300522
54.64590236	-73.14680447
85.82059263	-87.87774393
108.4725036	-87.22823729
122.7274201	88.26068289
123.2508552	79.3599848
138.3557204	-82.55161168
141.350455	-85.73524206
156.7540596	84.76833582
163.0043982	82.57413086
162.4401601	78.05533924
169.4704217	76.01508581
114.5589112	80.36311183
99.48103792	-81.47848047
95.00633539	-80.84529904
74.35683029	-84.73442612
88.07628625	-76.50269394
89.89025009	-82.36111637
100.6186582	-84.49951796
94.54409031	-85.76594723
113.4193993	88.32204813
149.6119569	87.02754972
174.9402578	83.16853806
-177.4601014	77.60820018
-164.5454384	74.50632702
-162.5043782	69.64985533
-143.3652055	74.31341341
-131.2179459	78.17854573
-122.6929851	73.55503276
-122.9326472	68.26806023
-139.2909219	79.83830606
-144.5222028	82.42950107
-140.1217712	82.40939422
-89.12605313	83.1798662
-86.52219639	81.08479405
134.9034992	78.67585019
158.5703382	80.05511558
117.6339243	86.63796737
109.2207034	-87.38262828
75.08008608	-85.52448823
60.39158469	-89.54791454
44.67472706	89.90655927
24.08188653	-87.09355513
31.68692185	-67.12414513
19.89822544	-37.01647091
3.976198759	-27.78296663
-32.42843024	-75.25519292
-56.22946429	-77.19248222
-41.67875516	-49.73304413
-47.77343483	-79.80974451
13.6048228	-89.20589162
36.1544807	88.55074813
47.56282632	89.01524378
81.62894172	85.9931169
179.2296477	85.46459824
-179.5676608	69.76725343
-170.3025542	71.16836778
-129.3561464	73.2032793
-94.1379877	81.54553782
-85.58976291	81.94214352
-59.31673336	89.59541928
-66.35939565	81.78789909
-156.2671246	82.17011411
-142.5359337	78.40188349
-160.899757	65.65858169
-167.9635613	66.24656079
-145.895795	73.02573852
-154.0929596	81.9013023
-156.2437401	68.73867517
116.405147	-83.82350305
116.7888783	-84.61495171
100.0065186	-79.75026077
111.1003537	-82.61838345
103.0483826	-82.05330358
93.3629905	-81.09634401
97.28903866	-83.02632331
122.1782001	-88.50010329
-154.1765606	83.0120486
158.2496913	78.1886526
152.6043393	79.31336565
171.0482466	79.30696034
80.03007617	-84.71401213
81.62613422	-84.37492463
-179.1268255	81.59210271
0.752766038	-84.75519946
-0.870241234	-88.81730135
-4.70248928	-84.55010022
-22.13523835	-83.98135335
-48.0361749	-83.37356446
-52.9951792	-84.5911911
-77.02594492	87.2321576
-74.23575049	79.76026574
-103.5837477	81.02893152
-60.33290153	79.56296352
6.96655437	-85.79787778
25.97117016	-86.42343799
44.71855874	-85.12485852
54.57371283	89.94574101
80.2909926	-85.95173055
84.52375432	88.89027415
112.5490671	87.5330113
123.9187519	81.26673843
121.1428967	76.85937433
160.3483031	79.57218039
159.6029569	77.80816659
119.9235788	78.19349713
123.6065614	87.24116469
120.0196248	78.50647452
124.1981225	86.1609203
147.2813503	-86.99987073
133.6118116	-81.71692271
118.0349809	-79.4566472
126.4252494	-82.1191654
169.9645607	79.90464028
175.2881518	75.47290829
-163.3676043	67.59295965
-158.2173057	66.28833887
-154.0351902	65.89346536
-145.9509233	82.68956783
100.8523624	-81.97795489
95.03912889	-80.68488624
96.11520954	-85.48054946
119.3892447	89.1952905
128.0896289	79.80046863
172.2446033	84.35499069
-158.4604983	76.24620396
-150.2273555	68.50215312
-133.5463988	74.25621377
-141.7545471	81.22411775
-122.9654681	67.88796886
-140.5740662	86.9425874
-146.3553403	86.15999674
-79.49301449	83.40458643
-67.75164567	77.5270113
-38.9052927	87.08304976
-22.70343712	88.75237307
178.4794472	-85.23984834
165.4578503	80.21156703
170.5481851	76.86696325
-156.6468804	79.26445487
-143.9290339	79.72095253
-147.0378665	74.87478951
-154.5481365	75.43017899
-139.7721847	80.01468402
-160.2089883	74.83124975
-178.0494623	79.6393956
139.1370134	-82.93532766
125.0598789	-88.33282492
116.838978	87.26040092
96.75041659	-89.623299
80.14987627	88.05827124
112.3376959	89.26613459
130.4750479	87.02220753
105.539508	88.05546305
101.6586979	-87.33678228
142.4121594	88.13971572
147.5653447	86.20174854
153.6501548	-87.53347572
154.7813237	-85.41195095
138.4426122	-84.73907226
104.8436518	-80.0789804
123.6220489	-83.24229397
125.9473116	-82.56970974
128.5155174	-83.05846927
108.4801182	-79.19286476
98.82144145	-82.12651971
82.68076557	-82.80577333
93.17702332	-86.25394922
51.02521747	-86.51234632
29.39627171	-87.00421712
3.225020791	-85.89133432
-20.51932592	-86.64679896
-42.80223239	-88.32736269
-58.82550323	-88.07644385
-73.41527982	85.39371179
-75.12462467	79.36884907
-90.11108621	83.9084108
-44.25622479	-89.80297711
-11.61370427	-88.59767852
36.23500897	-86.75012429
62.01180375	-87.35877628
72.20490555	-84.6628688
21.85557932	82.03513093
4.23312533	-85.96138235
6.753466834	-81.54859811
-8.44083922	-81.86035093
2.919868768	-85.69933641
9.156225014	-84.960114
25.27409837	-86.77200245
35.03906768	-87.91702326
47.41659493	-88.99633051
41.22046097	-84.82173295
35.91416714	-80.89089704
36.72330827	-77.26673707
35.4932225	-74.96099368
34.90800455	-73.22762475
28.33531451	-63.13177338
30.30625463	-68.98424447
31.55652011	-81.86148861
40.0355282	-82.97479265
27.11576454	-87.06807877
38.54968514	-86.80702777
45.89991167	-84.43775673
56.41938387	-67.82213439
47.69799547	-85.87597332
58.93498727	-64.95187257
74.7672604	-85.62203774
91.83085859	-87.61557108
102.1723265	-82.11806761
113.0155765	-88.46643441
122.7031887	87.11349876
123.3674386	78.4141799
122.3567465	74.83830541
128.8173064	79.88906168
133.7502617	-86.91708503
119.1774246	76.86902942
135.5890142	-87.78356435
156.799443	83.87415195
157.9596491	78.69809404
171.4719773	75.1517532
153.9225126	-85.53733804
176.8645188	-86.71919408
-167.3340318	73.70500664
-169.4673479	62.1153399
-158.0521611	60.73049641
-171.8166585	64.8344345
-177.8780995	83.87383623
160.709942	81.74011929
153.5775657	81.21481524
116.9791411	86.81110306
123.6460467	-87.12849191
116.2284017	79.13543458
86.66644494	-84.03033158
62.16122016	89.97706482
50.60703291	-86.59479597
41.58324908	-89.41451243
31.4843985	-89.54238687
19.17255431	-88.42009737
-2.402798588	-85.40195902
8.273497223	-75.06902216
11.41636118	-84.90096314
-48.09892499	-73.59120486
-69.70067672	-87.37464801
-74.98317224	79.8715782
-104.3119861	82.97284026
-110.932373	76.42500935
-138.3501141	70.41558406
-153.4774001	61.66660501
-163.4487745	66.35837698
-156.8480827	58.87005789
-174.2861955	65.94353408
179.2075928	69.47652006
178.6387828	85.01295392
168.2022291	-87.23830705
122.9389872	75.08966925
121.6166982	69.44008926
160.2391547	-80.2242606
164.3341019	-79.59345568
148.1815983	-80.58889278
129.9759216	-84.9096411
136.5080878	-79.05137229
110.6038915	-87.86392634
125.5481789	-80.73643253
124.5449714	80.50977351
97.7482525	-87.192644
59.55476354	88.3317402
73.4030374	-88.28524393
104.6432395	-75.92231101
108.1339736	-74.10990671
94.31818199	-81.7271167
104.5907594	-82.20603866
94.70328724	-83.16126647
96.02835028	-81.97131838
87.87052127	-83.22604815
81.18939836	-84.80371143
69.04757089	-89.91538607
65.78693441	88.01339292
72.02920196	-86.17284763
110.8853574	89.06990355
178.4005316	-82.15897017
174.8380986	-87.61975732
161.9323631	84.21228792
162.374964	78.57584053
158.1154328	79.11591463
167.9897812	76.81065782
-147.3915114	73.23657184
-150.395778	68.51510709
-129.0844799	70.06584763
-96.01215928	76.12558886
-76.23299373	79.85228808
-56.2549398	87.10703117
-79.31664903	76.03076761
-176.8312866	81.31804156
-178.0613216	86.27480959
168.3203109	78.89052883
154.1452448	82.38955814
-179.6596172	89.41222716
-175.9709139	73.35048898
-166.7411706	69.73963704
177.932689	66.01388027
161.2907589	85.54615203
154.0700666	-86.71439372
141.3314869	-83.73710439
143.7466431	-84.81651751
129.4931028	-83.11188198
118.6265786	79.28882114
122.6700069	-85.37913194
117.5123515	-81.92452804
125.0008467	-82.24398363
108.9508797	-78.05933711
99.81216701	-80.39963121
93.56006592	-77.03296282
91.4765258	-82.37415122
100.6504551	-84.24008636
90.77125275	-83.81566526
80.83345218	-83.91583975
70.0410209	-85.12118672
-0.203044689	-83.94745006
0.294469157	-88.44492914
23.7070983	-85.41279059
42.11808359	-88.92447371
55.63557935	88.74987458
27.88234204	-80.6077218
-42.08314303	-26.67690813
-71.35741467	-26.62494355
-97.27350122	87.58898848
-107.7450399	78.02977627
-113.0645635	74.37769507
-136.9453641	71.710127
-157.0293231	74.67054286
-165.3952691	73.31753651
-136.812312	76.38405319
162.0545308	83.02702446
-169.9307299	80.73298544
-172.834468	87.95384114
-141.7565376	81.06568557
-143.2142684	75.61745291
176.0206762	86.30086593
157.3587603	-88.45922287
116.6264588	84.48281115
152.1955542	-87.08008144
139.7810232	-84.49796031
130.8659695	-83.67843545
104.0071317	-81.94134824
91.26164717	-88.12076011
80.45626048	89.20236956
66.08082732	-89.61041555
84.24932061	-87.15351956
115.8335176	-82.0250321
128.0705153	-79.97015331
120.368724	83.51378551
116.8748443	80.09363093
95.70526055	-81.24015298
87.66318414	-82.85275283
61.01469875	-85.25914345
52.46775391	-89.51046055
102.4726203	-84.92011601
148.8571261	-87.63689677
170.7013347	86.18412407
178.8123581	74.97957548
-164.6943265	68.16148289
-163.9095909	64.64054594
-127.9769663	72.52690201
-138.8508434	82.70262772
-145.9514612	85.51520385
-143.2271348	85.07600513
-125.6002958	71.48717999
-94.71467866	74.52655336
-86.36135704	73.54140434
-174.6105156	-83.05182481
-178.6924324	-86.30331814
173.2061631	83.17072167
-146.5565536	81.22964027
-150.0958427	77.59307967
-144.9757388	77.38743055
-102.3636602	84.18242048
-80.58178712	85.82052858
-55.07298957	89.29954785
-44.37533194	-87.20166436
-21.95688457	-87.02723969
45.76311665	88.48714965
128.7384459	87.48329693
146.1990144	89.00323035
158.4822046	89.46272473
178.6180692	88.30905475
-175.2714333	88.10856983
-168.6490973	88.61868351
-160.6240407	84.78037244
-177.6792588	89.01151747
-165.1119467	76.27423464
-168.0925369	71.16063379
161.4412278	-88.6513024
155.075659	-87.64134598
163.6730469	-85.60649969
153.5733696	-83.56701564
139.9953204	-83.69025923
127.0488175	-81.68494986
127.7654651	-83.06649545
118.0124775	-81.48257864
105.886853	-82.71701066
96.84565899	-81.47762784
89.64815457	-82.08705232
58.65410222	-64.45401672
59.64449944	-57.51082351
45.11093052	-47.86454925
27.93135658	-44.08766801
18.22791184	-43.66022828
25.4319334	-65.69743692
32.04268117	-79.51590541
48.46849803	-87.25706777
70.23072888	-83.74439598
96.80710488	89.90901036
110.4846547	86.47016592
122.3310779	84.33270439
116.3597825	78.57423115
110.4889752	85.76080338
76.00346257	-84.77780111
63.25512772	-88.15706555
-1.55712463	-85.88343158
-40.55689337	-83.27900572
-56.78878526	-84.72473491
-75.68500282	86.95690386
-74.37297687	80.79854288
-79.99788208	80.54924115
-102.3306754	82.33738749
-111.0608634	79.42868752
-55.08495308	82.00321909
-47.64904944	-87.57925698
-47.93246626	-78.27641695
-47.31866871	-65.85163596
-59.79183745	-58.05065504
-16.73471933	-58.50454487
8.447694045	-45.03618393
9.701762031	-40.66228614
-27.64374343	-83.96466403
-58.22335782	-84.06906151
-47.14203425	-86.53935957
4.92435752	-87.12341407
20.98151031	-89.32931445
33.72079377	-89.25819231
57.53779308	-88.95236256
49.47752215	-70.56995214
52.43156824	-66.72979383
116.4804545	-88.18227656
129.6723228	86.59611955
122.0628448	79.63922044
139.3581453	-83.90239723
128.5058123	-82.59795685
139.4054874	-84.96319379
176.0477163	78.69875432
-160.5401957	74.77059256
-160.4568885	65.84935093
-154.8034915	66.28522717
107.2069878	-83.32990591
96.26393185	-80.64554126
77.34563725	-76.0703343
62.98120016	-74.15928927
73.09500813	-79.29191845
101.3497841	-81.81998348
63.00317343	-84.45450873
86.71239959	-80.87488187
91.69456675	-82.81441263
84.00124494	-81.18233075
67.48581323	-61.21300542
57.47636248	-59.24634284
52.67649528	-54.69488909
62.71596177	-83.99018713
69.6958773	-85.22824147
-179.741785	-83.15073328
-177.1314494	85.80699717
-135.6442345	83.86103157
-146.4123681	76.01679682
-153.4562457	71.2307953
-160.134262	75.52084124
-141.7594629	81.81650511
-176.0548415	86.53461064
-178.3094649	77.02134134
178.0245238	89.53999635
166.5738977	89.86555172
170.1510883	87.76775922
162.1383481	-88.91361373
128.4475622	88.83445334
118.4878891	88.40492563
119.2670961	78.00356391
121.2326543	86.00541276
120.4430494	77.73113442
133.5214936	-83.07872758
118.9645212	-82.80272335
83.92696994	-84.82129308
71.57467971	89.68628053
50.6238898	89.80462994
37.2018738	-84.95542464
49.49333189	-69.55110836
54.43362652	-83.12051615
63.37295109	-79.83444799
55.07904289	-73.14224773
71.19648813	-68.66376192
91.76505938	-82.74263768
103.9900492	-83.8811462
92.10113526	-84.51223923
102.0787343	-83.01071232
90.15077646	-83.71124941
118.4888282	84.96274392
113.783603	84.04562733
68.64743975	-86.01541957
-1.405428354	-85.05581062
9.920041645	-89.69951995
-7.276731584	-87.51541269
-1.893269875	-81.14730631
11.0727848	-69.55931159
49.99135524	86.14264289
77.32164008	89.65358166
120.6394025	82.01715094
123.0342245	77.51013282
122.6868888	74.86968436
123.3655038	85.53835951
168.4530516	77.98325499
-169.2258255	79.97265838
-176.7653757	86.37404623
-140.6954121	78.07064675
170.3922567	-88.44764145
154.8118	-87.45526543
151.3890088	85.39503504
149.8971741	-86.01421096
140.6618348	-81.79133931
130.0151511	-84.14756047
135.2065494	-83.31663232
123.8249122	-85.26310654
110.7837238	-82.54745274
105.3497772	-80.96724208
108.1929372	-82.71709648
86.4240004	-84.70596262
97.83509517	-82.47159785
93.02647632	-85.9175691
82.13319493	-83.40270121
91.77147293	-86.99261712
93.94799631	-85.97436263
77.6904976	-85.12035715
67.4808183	-86.68960077
68.13397538	-85.66263519
63.53888539	-86.71652274
175.426672	-84.79365456
169.5722869	86.56861396
163.7468285	80.06372827
-145.4983366	76.19942026
-122.5525021	80.02289755
-101.8963948	85.84175258
-91.06050872	84.70548813
-64.04367444	84.32459997
-44.86303353	84.91172881
-78.91530428	87.49449305
-135.9488412	88.82605696
-154.982067	88.26628973
-173.7527342	84.50413727
177.8733702	89.14369603
176.6688802	89.9523557
-174.8151651	-86.86250903
170.3548399	-88.02567712
114.7381801	88.31566118
93.11536953	-84.84761457
72.97985269	-85.23571137
52.18783256	-86.18386031
136.3201865	-81.50442511
155.2754072	-80.36701801
141.7583369	-80.10181868
131.1582412	-59.21015967
116.5390717	-51.13525244
117.0097256	-40.09581969
125.4981921	-76.04996197
110.9704585	-80.33594058
78.53192641	-88.81919547
55.74942638	-84.79056086
34.23014704	-81.96982249
8.976794117	-85.75719378
-54.79695153	87.6944791
84.31496919	-77.38183394
92.56882775	-83.16132093
67.80594093	-71.78734443
97.13494844	-78.98243413
101.1926904	-81.97817401
90.1376552	-82.55140055
90.91358847	-82.96516147
81.03564172	-85.08500313
113.1242615	89.98581654
112.9002651	80.95267013
127.4446179	-89.7705566
3.056776041	89.00203661
4.546468937	-83.06127026
-46.32034217	-86.79735493
-59.28853383	-86.17772417
-70.15014825	88.14351787
-71.79177183	79.11330921
-34.99599934	-84.39286972
-8.553128734	-82.40048691
29.29803176	-74.3751554
45.05046142	-60.24879434
65.03414162	-59.80878548
67.43743517	-87.12987248
71.48311613	89.62583495
108.014519	87.58320845
123.5924307	85.12733594
126.895963	-89.72849868
145.5238908	-89.66163311
159.3903881	84.42310238
165.4329934	82.05351736
-174.7285656	84.77633018
-174.1052565	89.69851049
-140.3623381	82.87626942
-140.3069273	81.70534014
171.8809603	-89.06667556
157.8413215	-87.88007297
164.5596974	-87.07785166
-74.9046159	83.53958085
-67.19723492	85.49927447
-68.79882954	79.95675163
-145.7989506	76.65698533
155.8141711	-86.78298124
143.1657964	-85.17082785
127.4224883	-82.84087441
115.4534609	-80.50610069
120.2445401	88.97557814
123.6597266	79.61039125
102.4902993	-80.71053025
93.42091266	-80.50998624
95.4059425	-84.6734662
103.2137669	-83.93780944
94.73712629	-83.19097534
80.90399217	-84.14930564
71.37722871	-84.66662767
-179.9271245	-85.38384318
-179.6209684	88.43524414
169.7665478	79.63382302
159.0149745	79.65669804
170.8981683	76.57027044
-147.7610028	77.04463875
-149.6385901	69.767941
-140.3266687	75.85982914
-140.7641031	81.06768899
-143.2476328	82.36148395
-131.4508565	72.28489384
-104.5341828	76.78532314
-108.2722547	75.65374651
-97.53906098	77.76991683
-88.16315829	82.34953035
-66.59914314	82.87646827
-49.73850927	-85.27830953
-48.22942962	-89.58593337
-74.6290393	79.27977697
-128.4566091	81.20259235
-141.2529375	75.16055361
-168.8720786	73.82116147
166.1507872	-87.83154922
155.4032172	-88.5497003
147.4035281	-85.31495439
122.5596639	-69.10489116
119.1085708	-51.72761034
105.9202679	-76.95291813
129.9172499	-78.50891513
117.7303165	-19.73788911
125.4962625	-16.44628888
117.0224163	-83.058506
120.3210647	80.39342
104.5360125	87.91176888
95.73794598	-83.95531199
89.55861938	-84.31266115
100.2736532	-83.31465071
90.31110999	-84.11520086
80.05169334	-89.92238468
73.34008715	89.42701392
31.85167507	-88.84376413
1.217483528	-87.15070873
-22.8176605	-85.4551819
-51.50146886	-84.07542262
-50.7503249	-86.52708503
-23.06110271	-85.73806759
22.96114176	-86.99573316
-1.170024169	-86.99979202
-12.38804427	-82.97440734
-55.79861356	-87.95851078
-69.4974505	88.87733978
-73.78956743	82.04029127
-104.2946923	77.40716603
-112.3814035	75.3036625
-135.0738451	72.18483211
-151.7601451	70.21089427
-157.5534957	73.87524008
-139.6037605	77.96214477
-140.8487462	80.76054808
-143.7283095	82.04108402
-176.0433642	83.83863687
126.5153371	89.7919947
171.065893	-85.53082279
168.4535791	-88.0841261
149.3461401	-84.82363987
147.1202366	-83.50451626
130.2326224	-84.07947017
110.8533108	-82.51883487
90.48636368	-85.18152879
110.2814393	-79.59753716
100.2956761	-78.85351517
91.98105843	-81.66410059
93.14304191	-83.59621748
65.48274128	-89.40293713
47.61153283	-89.75864263
71.60359005	-84.03268543
73.00614192	-84.17170337
178.0894595	-78.29595492
170.6407109	80.52146536
-157.7361871	81.7817324
-143.5839644	78.68242516
-126.5621256	75.79264358
-113.2370544	76.21152901
-157.5704276	77.06290236
152.824355	81.45185449
132.4431636	87.86278527
117.3012417	84.40492978
113.4712547	-89.91511654
122.2643739	79.44839361
-164.6906202	76.04757648
-150.2268204	79.63328601
-127.664032	74.98089743
-120.8022791	76.88969948
-107.0285054	82.52086882
-95.58132316	88.91850282
-82.58754597	85.60579643
-70.45600346	83.12144172
-65.50316548	79.23780193
-55.04759474	83.70750336
-45.33972314	89.7556908
-38.35135565	-85.77915997
-26.23338426	-84.60883032
-15.67365561	-80.17606826
-9.053639384	-74.21974301
-5.638773436	-84.05971052
-73.54843676	80.98736015
-69.34114157	78.94520412
-111.9358593	78.13622171
-133.3310659	74.09974064
-156.5965363	68.68055151
-163.6770129	75.18087267
-168.7899103	67.4879321
142.1685302	-81.92187472
112.5622904	-78.49755862
107.0272929	-82.82309396
96.07866186	-66.27304889
88.85194881	-82.03402179
96.1263422	-81.12863024
84.40154204	-84.58144384
73.93952754	-85.35681246
64.82625794	-86.22577854
-7.583074892	-85.46736567
-15.88411928	-85.22118055
-38.59566244	-84.65315797
-52.56521274	-86.04530464
-64.75474993	-88.7083921
-71.40689371	88.62978627
-82.84736048	-89.61397044
-94.53593621	-88.03181131
-105.2467738	-89.74166884
-113.1571181	86.16231799
-122.4358379	81.47686954
-98.90157816	81.1984287
-52.62000662	88.09679477
-38.31647968	-86.1095431
-22.90601939	-86.17611696
-10.22053191	-86.54354974
9.88491546	-86.57337407
40.58126019	-89.56398166
78.20995602	-89.55481164
102.0460917	87.42462783
129.1383929	87.70741884
141.322716	88.78484321
152.1856166	86.97817672
157.98943	83.53477494
174.778168	87.82024662
172.7668831	89.03400944
154.2922415	-87.7639681
131.8981044	-83.48989268
116.1154021	-84.01516907
120.5913818	-83.01309502
107.9825743	-81.62599862
117.902315	-84.10347252
97.21915522	-81.57427747
87.39185655	-81.32440819
97.2539411	-82.60129123
92.38965734	-83.71876522
98.26643583	-84.14120719
91.72054446	-82.9586076
69.1592066	-86.24957453
51.56844104	-88.17395382
27.61267401	-87.71527032
13.29454798	-87.0899365
-19.27430602	-85.46930849
-34.68565398	-85.76466484
-52.30994266	-86.60827265
-57.28826545	-87.23317263
-74.4790674	88.59695564